aat	-5878.263	-5878.025	-5877.241	-5876.110
accA	-5076.608	-5075.993	-5076.614	-5076.575
accB	-3043.833	-3043.583	-3042.499	-3042.874
accC	-6262.749	-6262.677	-6261.336	-6261.677
accD	-4708.280	-4708.097	-4708.221	-4708.239
aceA	-7594.515	-7593.736	-7593.820	-7594.240
aceB	-10840.125	-10839.784	-10839.628	-10839.030
aceE_1	-14078.309	-14072.318	-14074.287	-14075.394
aceK	-13231.841	-13229.073	-13231.339	-13231.694
acnA_2	-14120.685	-14111.867	-14107.159	-14108.765
acoE_1	-13492.854	-13484.204	-13491.524	-13491.800
acpD	-4437.400	-4437.214	-4437.283	-4437.213
acpP_2	-776.662	-776.605	-775.877	-775.881
acpS	-3158.048	-3157.200	-3157.899	-3158.005
act	-5125.446	-5125.434	-5125.218	-5125.067
add	-7431.029	-7430.789	-7429.380	-7428.898
adhC	-8759.865	-8757.641	-8758.167	-8758.300
adk	-4835.033	-4834.539	-4835.032	-4835.033
ahcY	-7635.299	-7635.253	-7631.582	-7631.571
aidB	-14334.286	-14333.865	-14333.666	-14333.133
alaS	-15636.156	-15636.156	-15636.155	-15636.076
alr	-8427.540	-8427.384	-8427.452	-8427.540
amgK	-8431.287	-8430.289	-8431.208	-8431.275
amn	-10115.549	-10115.519	-10111.980	-10110.504
ampD	-5836.428	-5836.072	-5835.760	-5835.753
ampG	-10566.250	-10566.143	-10564.739	-10565.638
amtB	-8761.452	-8757.197	-8758.359	-8759.229
anmK	-10569.181	-10568.516	-10568.865	-10568.077
ansB	-9484.398	-9483.796	-9483.728	-9483.384
apaG	-2647.666	-2647.325	-2647.380	-2647.573
apaH	-7166.751	-7162.858	-7166.714	-7166.741
aqpZ_2	-6393.108	-6391.596	-6388.996	-6389.890
argB	-4194.546	-4194.539	-4194.173	-4193.970
argC_1	-7127.956	-7127.716	-7127.952	-7127.936
argD_1	-7622.785	-7622.125	-7621.988	-7620.649
argD_2	-9907.613	-9907.511	-9906.348	-9905.556
argF	-4161.196	-4145.853	-4117.604	-4112.920
argH	-8766.081	-8766.067	-8766.065	-8765.970
argJ	-8518.014	-8517.970	-8517.294	-8517.209
argS	-12648.084	-12647.502	-12647.977	-12648.093
argT_3	-6124.153	-6120.974	-6118.386	-6120.392
arnD	-6527.290	-6527.289	-6527.068	-6526.931
arnF	-2761.758	-2759.855	-2760.035	-2760.366
arnT_1	-14303.939	-14299.468	-14299.009	-14300.357
aroA_tyrA	-9583.686	-9579.181	-9583.082	-9583.467
aroB	-7891.533	-7891.431	-7891.440	-7891.140
aroC	-7042.804	-7042.792	-7039.345	-7038.970
aroG_1	-6433.463	-6431.879	-6433.336	-6433.200
aroK_2	-3740.534	-3740.342	-3739.629	-3739.401
aroQ1	-2685.779	-2685.281	-2683.253	-2683.615
asd	-5774.998	-5774.980	-5770.997	-5771.495
ask	-6369.624	-6369.608	-6367.642	-6368.406
aspS	-9347.081	-9346.745	-9341.539	-9342.347
astB	-10145.606	-10143.683	-10144.352	-10143.603
astD	-11945.990	-11945.535	-11934.963	-11933.114
atpA	-6299.566	-6291.060	-6295.072	-6295.851
atpB	-4371.015	-4370.071	-4370.961	-4371.011
atpC	-2054.823	-2054.153	-2054.137	-2053.981
atpD	-5431.259	-5423.517	-5419.543	-5421.637
atpE	-642.169	-641.418	-642.086	-642.071
atpF	-2197.439	-2196.033	-2195.838	-2196.167
atpG	-4116.279	-4115.516	-4113.752	-4114.305
atpH	-2364.290	-2363.599	-2364.219	-2364.289
auaH_2	-7098.126	-7097.263	-7094.792	-7094.300
baiN	-14333.545	-14333.510	-14333.417	-14332.974
bamB	-9531.715	-9527.530	-9524.369	-9526.249
bapC	-3746.416	-3741.820	-3745.297	-3745.658
bceT	-8535.971	-8535.945	-8518.042	-8521.842
bepA_2	-16187.701	-16187.699	-16181.588	-16180.207
bfr	-3489.160	-3488.861	-3487.264	-3487.700
bioA	-11074.335	-11072.425	-11071.421	-11071.578
bioB	-7674.985	-7674.984	-7672.394	-7671.459
bioD	-7545.053	-7544.888	-7544.039	-7543.013
bioF	-10198.080	-10190.161	-10197.810	-10198.019
bolA	-2424.941	-2424.941	-2424.903	-2424.788
bpeA_1	-10485.121	-10482.648	-10479.883	-10480.275
bpeB_1	-19115.964	-19114.955	-19111.198	-19113.517
bpeR	-6063.940	-6061.026	-6063.873	-6063.881
bspR	-4528.214	-4526.237	-4519.313	-4518.757
btuD_1	-8518.880	-8497.132	-8512.534	-8513.227
btuF	-9785.725	-9785.652	-9782.197	-9781.361
C1-hpah	-4033.116	-4031.789	-4032.547	-4032.749
cafA	-8981.680	-8981.256	-8976.511	-8974.851
carA_1	-7726.193	-7726.162	-7725.070	-7724.287
carA	-7851.653	-7851.499	-7851.358	-7851.274
carB_1	-12689.564	-12674.065	-12676.958	-12678.623
cbbA	-5786.730	-5786.670	-5786.679	-5786.695
cbl	-5320.403	-5319.784	-5312.793	-5312.256
cc4	-2912.533	-2911.894	-2912.457	-2912.462
cca	-11156.698	-11154.466	-11156.283	-11156.485
ccsA	-6991.973	-6990.910	-6991.174	-6990.470
chaC	-4935.861	-4932.115	-4926.119	-4925.667
cheB_1	-7117.580	-7116.379	-7115.083	-7114.699
cheD	-5023.165	-5022.925	-5019.916	-5019.656
cheR	-7577.675	-7577.581	-7577.514	-7577.183
cheW	-2844.791	-2844.677	-2844.257	-2844.235
cheY_1	-2255.880	-2255.637	-2255.244	-2255.013
cheY1	-2647.389	-2647.311	-2647.159	-2646.986
cheZ	-5659.840	-5659.584	-5659.329	-5659.160
cinA	-6182.305	-6182.009	-6181.878	-6181.728
citA_1	-9646.876	-9645.326	-9644.212	-9645.240
clpA	-11157.444	-11157.426	-11156.293	-11155.368
clpB	-14495.565	-14494.982	-14495.492	-14495.446
clpP_2	-7531.977	-7493.626	-7492.952	-7498.123
clpS	-1109.566	-1109.566	-1108.599	-1108.958
clpX	-6797.744	-6797.707	-6797.531	-6797.366
cls_1	-13254.487	-13254.132	-13254.271	-13253.533
clsC	-14605.873	-14600.820	-14604.300	-14605.149
cmk	-5121.599	-5118.872	-5119.048	-5118.525
coaD	-3041.696	-3041.359	-3041.678	-3041.694
coaE	-6692.422	-6691.755	-6690.961	-6690.002
cobO_1	-4879.233	-4878.008	-4878.994	-4879.046
cobS	-7290.448	-7290.184	-7289.482	-7289.288
cobT	-9988.477	-9988.111	-9987.137	-9987.680
coq7	-6648.699	-6648.466	-6646.759	-6646.049
cpoB_1	-4839.866	-4837.508	-4837.918	-4837.979
cpoB_2	-18653.202	-18651.624	-18652.206	-18649.528
cspD_1	-2390.555	-2389.843	-2389.478	-2387.031
cyaY	-2398.923	-2398.796	-2398.244	-2398.351
cysA	-7347.961	-7347.959	-7345.662	-7344.570
cysD	-5626.767	-5626.753	-5625.532	-5624.741
cysH	-5832.488	-5832.257	-5829.911	-5829.412
cysI	-10418.097	-10414.978	-10416.022	-10417.110
cysM	-6823.111	-6811.935	-6816.488	-6817.622
cysN	-8520.494	-8519.190	-8518.623	-8518.754
cysS_1	-9890.051	-9890.030	-9888.922	-9888.593
cysT	-6534.063	-6534.030	-6530.231	-6529.382
cysW	-7441.877	-7441.829	-7441.874	-7441.571
cyt	-3945.945	-3945.529	-3945.890	-3945.654
dadA_1	-10157.976	-10154.500	-10155.780	-10154.849
dan	-11456.861	-11454.200	-11439.647	-11436.491
dapA_1	-6085.123	-6057.225	-6057.616	-6057.369
dapB	-5881.236	-5881.205	-5880.938	-5880.757
dapD	-4086.104	-4085.804	-4083.979	-4082.760
dapE_1	-7840.055	-7838.605	-7840.047	-7839.785
dapF	-7342.340	-7342.291	-7341.996	-7342.269
dbpA	-9421.075	-9420.818	-9417.670	-9418.872
dcd	-2628.429	-2628.272	-2627.342	-2627.616
dcm	-13905.480	-13905.324	-13903.245	-13902.543
dctA_1	-7695.203	-7682.414	-7687.179	-7689.701
dctD	-10229.255	-10229.182	-10224.744	-10223.523
ddl	-6974.030	-6973.234	-6973.508	-6973.990
dedD	-8445.736	-8439.903	-8442.874	-8442.302
def_1	-3401.950	-3401.686	-3401.902	-3401.842
def_2	-3727.757	-3726.616	-3718.316	-3717.199
dfp	-8292.535	-8292.484	-8287.017	-8285.000
dnaB	-8250.216	-8250.167	-8250.163	-8250.155
dnaE	-23029.737	-23029.092	-23021.450	-23019.103
dnaG	-14029.005	-14026.553	-14025.895	-14024.448
dnaJ_1	-5866.986	-5866.927	-5866.373	-5866.074
dnaK	-9622.722	-9622.179	-9621.724	-9622.308
dnaN	-5358.273	-5358.194	-5357.907	-5357.746
dnaQ	-6028.291	-6028.284	-6026.907	-6027.182
dppA_2	-16247.105	-16244.431	-16211.387	-16217.265
dppB	-5804.603	-5804.585	-5804.286	-5804.485
dppC	-5134.499	-5133.451	-5134.178	-5134.160
dppD	-6724.968	-6724.351	-6724.883	-6724.724
dppF_1	-6827.882	-6827.729	-6827.125	-6825.625
dsbA	-4667.523	-4665.714	-4665.730	-4666.062
dsbB	-4939.897	-4939.449	-4939.897	-4939.802
dsbC	-5902.005	-5901.890	-5901.922	-5901.994
dtd	-3555.231	-3554.405	-3548.071	-3547.412
dut	-3289.214	-3289.051	-3288.046	-3287.674
dxr	-9277.423	-9276.097	-9275.558	-9274.762
dxs_1	-11908.222	-11908.131	-11908.208	-11908.189
ectD	-6724.462	-6724.447	-6724.027	-6723.723
eda	-4943.924	-4943.553	-4943.865	-4943.904
edd	-12289.366	-12286.599	-12286.128	-12287.318
emrA_1	-9673.484	-9660.430	-9668.022	-9668.815
emrB_1	-11382.663	-11382.529	-11382.575	-11382.271
engA	-8400.443	-8400.431	-8396.937	-8398.060
engB	-5241.802	-5241.799	-5241.786	-5241.622
eno	-5750.287	-5749.725	-5749.424	-5748.965
era	-4953.753	-4953.196	-4953.425	-4953.574
etfA_2	-9237.051	-9214.321	-9234.987	-9236.072
etfB_2	-6385.768	-6385.663	-6380.622	-6381.395
exoA	-4825.422	-4825.422	-4825.004	-4824.803
fabD_1	-7422.225	-7422.074	-7420.821	-7420.378
fabF_4	-6551.992	-6549.708	-6551.397	-6551.646
fabG_2	-5585.589	-5582.767	-5581.832	-5580.884
fabH	-6870.846	-6867.577	-6868.627	-6869.126
fabZ	-2745.890	-2745.748	-2745.580	-2745.737
fadD_1	-17476.149	-17476.135	-17466.220	-17469.135
fbp_1	-5919.947	-5919.843	-5919.044	-5918.945
fbp_3	-2020.571	-2019.759	-2019.655	-2019.435
fdx_1	-1612.208	-1611.970	-1611.296	-1611.413
fdx_2	-2031.322	-2029.374	-2031.308	-2031.211
ffh	-7384.276	-7383.812	-7384.181	-7384.242
fghA	-7330.652	-7330.237	-7329.135	-7328.704
fieF	-8218.535	-8217.847	-8217.335	-8217.096
fis	-1018.107	-1017.311	-1017.564	-1017.640
flgC	-2810.740	-2809.584	-2808.171	-2807.975
flgE_1	-11627.262	-11619.902	-11619.499	-11620.276
flgF	-6050.714	-6042.131	-6049.914	-6050.411
flgG	-4911.649	-4906.984	-4909.584	-4910.494
flgH_2	-5442.393	-5438.885	-5439.614	-5440.067
flgI	-8522.219	-8518.513	-8521.419	-8522.041
flgJ	-8002.941	-7998.028	-8002.851	-8002.926
flhA_1	-5926.875	-5926.679	-5922.813	-5921.234
flhA_2	-13556.138	-13556.052	-13555.160	-13554.020
flhB	-10192.977	-10190.986	-10186.717	-10188.694
flhC_2	-3650.202	-3649.957	-3646.260	-3645.871
flhD_1	-2267.144	-2256.845	-2244.958	-2244.693
flhD_2	-2262.148	-2256.842	-2262.012	-2262.013
fliA	-4575.675	-4574.790	-4567.417	-4566.789
fliC	-9257.626	-9254.643	-9241.528	-9246.969
fliE	-2856.944	-2856.635	-2855.844	-2856.025
fliF	-13579.517	-13576.590	-13579.022	-13579.496
fliG	-5368.159	-5367.334	-5368.046	-5368.159
fliH	-5590.245	-5590.245	-5586.538	-5586.136
fliI	-12055.315	-12046.308	-12055.292	-12055.276
fliJ	-4040.839	-4040.663	-4034.954	-4032.917
fliL	-5135.637	-5135.483	-5135.577	-5135.561
fliM	-5524.834	-5522.325	-5524.284	-5524.318
fliN	-2950.409	-2949.348	-2948.652	-2948.957
fliP	-5386.596	-5405.739	-5386.191	-5385.959
fliQ	-1852.283	-1852.265	-1849.482	-1849.949
fliR	-7763.032	-7760.852	-7755.073	-7756.988
fliS	-3506.957	-3502.746	-3502.020	-3501.261
fmt_1	-9666.684	-9666.676	-9666.615	-9666.122
fmt_2	-6787.169	-6787.107	-6784.206	-6783.643
folC	-10318.069	-10317.814	-10317.423	-10316.757
folD	-6010.197	-6009.533	-6010.196	-6010.161
folE	-5371.256	-5370.994	-5371.254	-5371.253
folP	-8303.086	-8302.652	-8303.078	-8302.956
fpr	-3911.021	-3910.451	-3903.902	-3903.273
frr	-3203.248	-3202.670	-3203.100	-3203.195
fsr	-8540.146	-8539.054	-8539.760	-8539.244
ftsA	-5221.548	-5221.548	-5220.551	-5220.178
ftsB	-3851.236	-3849.701	-3851.054	-3851.026
ftsH_1	-9427.274	-9426.726	-9427.040	-9427.026
ftsI	-13499.631	-13495.329	-13498.247	-13498.325
ftsL	-2779.606	-2778.062	-2779.268	-2779.195
ftsN	-5877.115	-5876.848	-5877.025	-5876.596
ftsQ	-4963.388	-4962.817	-4962.456	-4962.398
ftsW	-8207.426	-8204.329	-8206.505	-8206.841
ftsY	-14066.559	-14063.770	-14066.557	-14066.431
ftsY_1	-8758.964	-8758.351	-8758.815	-8758.894
ftsZ	-5548.317	-5548.212	-5546.732	-5547.551
fucU	-4581.745	-4581.732	-4579.425	-4579.199
fumC	-9336.127	-9335.733	-9335.032	-9334.717
fur	-2369.793	-2369.753	-2368.860	-2368.461
fusA_2	-17519.124	-17510.435	-17512.449	-17516.139
fusA_3	-9722.394	-9716.488	-9718.043	-9719.628
gapA	-4741.401	-4739.004	-4741.172	-4741.280
gatA	-9774.934	-9774.926	-9774.298	-9773.016
gatB	-9198.240	-9197.963	-9196.524	-9197.066
gatC	-2077.988	-2077.690	-2077.855	-2077.847
gcl	-10057.864	-10057.783	-10056.018	-10056.404
gcp	-7441.397	-7440.746	-7438.921	-7438.042
gcvH	-2720.057	-2718.177	-2715.339	-2716.740
gcvP	-18171.940	-18171.598	-18171.876	-18171.424
gcvT	-8618.525	-8618.514	-8616.367	-8617.263
gidA	-16788.830	-16788.224	-16787.183	-16785.798
gidB	-6883.011	-6882.938	-6882.956	-6882.884
glcD	-9852.126	-9852.107	-9844.399	-9843.686
glcE	-8255.828	-8255.583	-8250.457	-8248.937
glcF_1	-10109.512	-10109.465	-10107.371	-10106.391
glcF_2	-5902.327	-5902.310	-5902.310	-5902.078
glk	-13417.314	-13417.135	-13407.503	-13405.485
glmM	-11099.696	-11099.375	-11099.690	-11099.449
glmU	-10121.433	-10119.157	-10121.377	-10121.428
glnA	-6551.428	-6539.635	-6534.076	-6529.666
glnB2	-3372.464	-3372.207	-3372.276	-3370.987
glnE	-22567.835	-22567.761	-22566.836	-22563.891
glnG	-10790.093	-10787.526	-10778.357	-10776.396
glnL	-7826.057	-7825.351	-7818.546	-7815.758
glnS	-10991.771	-10989.788	-10991.143	-10991.386
gloA	-3472.159	-3472.132	-3472.142	-3472.123
glpD	-13947.825	-13946.622	-13942.878	-13941.340
glpE_1	-3145.526	-3143.606	-3143.377	-3142.878
glpK	-11047.697	-11046.269	-11042.458	-11041.907
glt1	-23935.003	-23621.615	-23618.904	-23618.464
gltA_2	-8738.235	-8737.310	-8730.584	-8718.213
gltD_2	-8390.268	-8390.265	-8390.203	-8390.215
gltI_2	-5040.156	-5039.681	-5038.717	-5039.438
gltJ	-4771.511	-4766.628	-4767.407	-4768.435
gltK	-4014.532	-4014.518	-4014.466	-4014.317
gltL	-3562.845	-3562.801	-3557.897	-3559.512
gltX	-10210.249	-10209.909	-10209.969	-10209.777
gluQ	-9905.108	-9905.107	-9905.024	-9905.080
glxR_1	-6599.841	-6589.118	-6597.984	-6598.012
glyA_1	-6733.640	-6733.266	-6733.009	-6732.953
glyQ	-5022.918	-5021.831	-5022.789	-5022.687
glyS	-15134.769	-15134.608	-15131.748	-15130.175
gmhD	-6099.513	-6099.487	-6097.806	-6097.256
gmk	-4348.560	-4348.541	-4347.416	-4347.858
gnd_1	-9377.157	-9371.235	-9376.536	-9375.889
gpmA	-4423.191	-4422.325	-4423.045	-4423.058
gpo	-4064.357	-4063.279	-4064.043	-4064.116
gpsA	-8739.033	-8738.529	-8738.344	-8737.636
greA	-3149.649	-3148.987	-3149.648	-3149.643
groEL	-12344.785	-12340.244	-12306.555	-12309.424
groES	-1879.892	-1879.430	-1879.803	-1879.868
group_1000	-10124.119	-10123.844	-10121.311	-10121.037
group_1001	-7587.397	-7587.367	-7587.328	-7586.911
group_1002	-4340.969	-4340.189	-4340.010	-4339.571
group_1003	-9448.147	-9447.822	-9446.596	-9447.468
group_100	-5508.308	-5478.673	-5500.155	-5501.532
group_1007	-4581.664	-4581.630	-4581.268	-4581.398
group_1008	-5708.294	-5707.945	-5708.244	-5708.287
group_1009	-7398.036	-7396.670	-7387.258	-7385.345
group_1011	-11737.344	-11733.810	-11737.172	-11737.284
group_101	-13382.821	-13382.370	-13382.323	-13382.793
group_1012	-11601.597	-11601.315	-11601.536	-11601.342
group_1013	-2948.283	-2947.544	-2947.985	-2947.966
group_1015	-7072.115	-7070.757	-7064.401	-7062.107
group_1016	-6675.527	-6675.226	-6675.334	-6675.455
group_1017	-9882.972	-9876.424	-9883.283	-9881.109
group_1018	-3716.575	-3715.182	-3714.366	-3714.880
group_1020	-16379.824	-16378.293	-16378.937	-16379.724
group_1022	-5474.332	-5474.098	-5470.300	-5469.373
group_102	-6902.737	-6902.043	-6901.259	-6899.083
group_1029	-9215.298	-9214.691	-9214.313	-9214.380
group_1031	-4288.510	-4288.355	-4288.425	-4288.378
group_1037	-9975.294	-9975.238	-9975.203	-9974.842
group_1040	-15162.996	-15162.983	-15161.155	-15160.267
group_1042	-10130.724	-10130.402	-10130.331	-10129.763
group_1043	-6760.467	-6755.037	-6757.998	-6758.533
group_1044	-15317.524	-15315.473	-15312.181	-15312.514
group_1045	-2839.814	-2839.150	-2839.496	-2839.448
group_1048	-3987.023	-3985.775	-3983.811	-3984.244
group_1049	-9658.427	-9656.858	-9653.531	-9654.424
group_1050	-6958.398	-6958.095	-6956.088	-6954.484
group_105	-7484.683	-7484.669	-7483.355	-7483.280
group_1059	-5100.623	-5099.354	-5098.305	-5098.945
group_1062	-8474.252	-8474.251	-8473.537	-8473.062
group_1069	-7818.185	-7816.289	-7818.179	-7818.162
group_1070	-4366.273	-4363.670	-4363.392	-4363.243
group_107	-2787.127	-2782.062	-2783.924	-2784.482
group_1077	-7034.610	-7069.001	-7033.429	-7033.680
group_1078	-27191.640	-27191.535	-27187.489	-27183.675
group_1081	-5971.510	-5968.853	-5970.239	-5970.951
group_1084	-2720.057	-2719.754	-2719.056	-2718.830
group_1101	-10851.968	-10844.718	-10851.275	-10851.843
group_1103	-9540.592	-9540.475	-9539.493	-9539.108
group_1109	-5955.241	-5955.208	-5955.238	-5955.235
group_1111	-7833.027	-7830.651	-7812.610	-7809.923
group_1112	-7816.601	-7816.519	-7815.418	-7815.158
group_1113	-3998.428	-3998.422	-3998.422	-3998.409
group_1114	-12500.780	-12500.026	-12496.342	-12494.424
group_1115	-5216.454	-5215.721	-5216.055	-5216.267
group_1116	-4545.472	-4544.414	-4543.652	-4543.694
group_1123	-13522.807	-13522.025	-13522.700	-13522.792
group_1125	-3146.857	-3146.828	-3146.595	-3146.430
group_1127	-10536.482	-10536.305	-10532.909	-10532.955
group_1128	-5848.993	-5848.409	-5848.911	-5848.651
group_1129	-6412.006	-6411.848	-6409.382	-6408.915
group_1130	-24205.631	-24198.311	-24205.546	-24205.588
group_113	-14177.913	-14174.026	-14175.517	-14175.017
group_1132	-9245.370	-9244.264	-9245.261	-9244.879
group_1141	-7019.503	-7019.327	-7019.503	-7019.490
group_1142	-4739.689	-4739.451	-4739.205	-4739.292
group_1144	-6503.617	-6503.402	-6503.551	-6503.585
group_1145	-9086.326	-9085.269	-9086.105	-9085.509
group_1146	-15370.505	-15370.098	-15369.213	-15370.036
group_1150	-12054.606	-12054.328	-12047.910	-12046.051
group_115	-3158.249	-3152.792	-3156.948	-3155.979
group_1156	-9960.217	-9958.866	-9960.173	-9959.796
group_1162	-2821.114	-2820.241	-2821.072	-2821.058
group_1163	-3128.502	-3128.488	-3127.685	-3127.614
group_1164	-10468.652	-10468.348	-10463.605	-10463.032
group_1165	-7296.779	-7296.588	-7291.794	-7290.315
group_1166	-10508.091	-10508.088	-10503.710	-10502.815
group_1168	-18234.138	-18229.990	-18232.238	-18233.202
group_1169	-12492.008	-12491.977	-12488.023	-12485.878
group_1171	-8407.686	-8407.599	-8401.384	-8399.554
group_1172	-9967.510	-9965.985	-9966.701	-9965.633
group_1173	-17117.563	-17116.885	-17111.048	-17106.793
group_1174	-7164.108	-7232.763	-7164.095	-7164.063
group_1175	-10357.798	-10356.139	-10357.057	-10354.602
group_1179	-5941.761	-5941.459	-5940.763	-5941.301
group_1182	-10245.742	-10243.069	-10238.871	-10240.544
group_1184	-11976.892	-11973.473	-11976.465	-11976.815
group_1185	-2766.704	-2763.818	-2766.652	-2766.703
group_1186	-21128.441	-21126.078	-21127.507	-21126.143
group_1187	-6191.108	-6191.099	-6190.540	-6190.141
group_1188	-13868.227	-13867.555	-13868.188	-13867.991
group_118	-9314.110	-9310.934	-9293.797	-9289.563
group_1190	-12225.798	-12225.547	-12219.175	-12216.324
group_1192	-6733.657	-6732.708	-6732.296	-6732.143
group_1193	-9606.335	-9606.335	-9603.787	-9602.690
group_1195	-15419.099	-15417.479	-15418.477	-15418.482
group_119	-6655.767	-6642.520	-6653.086	-6653.779
group_1204	-10118.942	-10118.054	-10117.501	-10116.427
group_1205	-5895.434	-5895.362	-5894.985	-5894.601
group_1207	-8499.555	-8499.122	-8497.573	-8496.707
group_1209	-3369.906	-3372.219	-3369.866	-3369.906
group_1211	-6302.372	-6302.102	-6296.609	-6296.526
group_1212	-28604.311	-28604.179	-28595.158	-28586.821
group_1213	-11064.572	-11064.102	-11064.385	-11064.549
group_1215	-4773.168	-4772.680	-4772.454	-4772.561
group_1217	-6028.985	-6028.755	-6028.841	-6028.761
group_1218	-7173.681	-7170.797	-7160.171	-7159.711
group_1219	-4105.057	-4104.225	-4102.285	-4103.112
group_122	-14584.722	-14580.879	-14570.211	-14567.379
group_1221	-6855.521	-6855.140	-6849.573	-6848.058
group_1222	-3760.178	-3755.653	-3752.532	-3752.373
group_1223	-4863.966	-4863.275	-4862.959	-4862.360
group_1224	-5158.980	-5157.594	-5149.337	-5147.239
group_1226	-2035.662	-2033.372	-2035.334	-2035.422
group_1227	-19071.287	-19072.406	-19069.701	-19069.026
group_1229	-5312.264	-5312.262	-5311.819	-5311.704
group_1232	-10493.199	-10493.189	-10490.796	-10489.484
group_1233	-37706.203	-37705.677	-37706.203	-37706.001
group_1234	-9981.883	-9980.991	-9979.586	-9978.479
group_123	-7588.745	-7584.861	-7587.561	-7586.977
group_1238	-1536.958	-1535.103	-1536.467	-1536.371
group_1246	-6354.492	-6353.789	-6354.439	-6354.156
group_1249	-9971.236	-9971.211	-9969.968	-9969.584
group_1257	-6346.711	-6346.570	-6346.188	-6345.662
group_1259	-2241.294	-2241.217	-2240.881	-2240.838
group_1262	-11364.321	-11363.461	-11364.052	-11364.316
group_1264	-5535.218	-5532.710	-5533.035	-5533.449
group_126	-7128.917	-7128.866	-7128.685	-7128.907
group_1269	-3096.124	-3094.772	-3091.005	-3090.684
group_1277	-13326.722	-13323.839	-13323.582	-13324.576
group_1278	-5067.172	-5067.163	-5065.636	-5065.055
group_1280	-7749.061	-7748.498	-7748.637	-7747.549
group_128	-4557.975	-4557.331	-4557.027	-4557.327
group_1285	-3894.659	-3891.361	-3894.636	-3894.515
group_1286	-3118.639	-3118.638	-3118.556	-3118.523
group_1287	-7654.821	-7654.217	-7654.728	-7654.809
group_1289	-7436.494	-7436.387	-7436.468	-7436.320
group_1295	-6544.385	-6543.592	-6543.655	-6543.415
group_1298	-10703.823	-10702.727	-10693.417	-10691.811
group_1305	-5688.181	-5687.756	-5687.925	-5687.357
group_131	-4263.130	-4261.626	-4261.749	-4262.020
group_1314	-8830.488	-8830.462	-8830.473	-8830.481
group_1339	-9073.616	-9073.581	-9073.102	-9072.523
group_134	-2246.069	-2246.054	-2243.966	-2243.747
group_1343	-8963.551	-8962.844	-8963.546	-8963.479
group_1344	-4403.493	-4401.547	-4401.281	-4401.748
group_1347	-5219.380	-5219.210	-5217.718	-5216.958
group_135	-1130.005	-1126.618	-1130.009	-1129.706
group_1369	-4205.044	-4204.995	-4204.887	-4204.682
group_1371	-3919.110	-3918.170	-3917.895	-3917.691
group_1391	-11080.461	-11080.350	-11079.299	-11079.301
group_1393	-7108.559	-7106.626	-7108.324	-7108.528
group_1396	-4922.840	-4922.817	-4921.756	-4921.238
group_139	-8416.979	-8416.491	-8412.952	-8411.083
group_1401	-3133.992	-3133.945	-3133.952	-3133.986
group_1407	-3581.000	-3579.591	-3564.297	-3562.804
group_1408	-3730.605	-3729.989	-3729.880	-3729.626
group_1414	-3273.828	-3273.825	-3273.801	-3273.819
group_1420	-8130.232	-8126.763	-8128.228	-8128.475
group_1421	-4389.659	-4389.635	-4389.240	-4389.265
group_142	-6092.219	-6091.129	-6090.134	-6090.650
group_143	-4341.811	-4338.690	-4332.090	-4331.741
group_1447	-5079.029	-5077.342	-5076.450	-5076.921
group_1451	-7072.677	-7070.984	-7070.426	-7071.439
group_1452	-1794.754	-1793.619	-1793.737	-1794.008
group_1461	-5686.270	-5683.963	-5685.608	-5686.059
group_1471	-2244.717	-2243.611	-2243.916	-2244.203
group_1472	-3363.920	-3363.827	-3363.597	-3363.392
group_1477	-19183.918	-19183.859	-19181.510	-19181.279
group_147	-9315.507	-9315.076	-9308.241	-9306.394
group_1483	-3537.929	-3537.008	-3537.375	-3537.143
group_1485	-5055.305	-5049.880	-5041.424	-5039.571
group_1487	-10704.602	-10701.932	-10704.420	-10704.016
group_1493	-10295.776	-10283.978	-10251.982	-10249.829
group_1497	-2126.765	-2126.345	-2126.690	-2126.746
group_1505	-9876.185	-9874.208	-9876.144	-9876.149
group_1510	-11381.562	-11381.351	-11380.903	-11381.399
group_1511	-3195.201	-3195.192	-3193.487	-3193.191
group_1515	-1761.063	-1760.911	-1757.958	-1758.260
group_1520	-4452.009	-4451.890	-4451.716	-4451.347
group_1521	-4986.695	-4986.390	-4986.039	-4986.311
group_1527	-6844.334	-6844.330	-6842.780	-6843.423
group_1530	-2342.477	-2342.410	-2342.110	-2341.622
group_1535	-6338.617	-6337.282	-6332.517	-6330.024
group_1551	-10857.959	-10857.711	-10855.606	-10854.307
group_1554	-7791.265	-7790.935	-7791.184	-7791.241
group_1555	-14177.494	-14176.847	-14174.411	-14174.633
group_1556	-3211.105	-3211.081	-3211.069	-3211.103
group_1557	-16906.195	-16924.222	-17088.394	-16905.965
group_1558	-6248.810	-6247.616	-6245.813	-6244.455
group_1561	-6715.679	-6715.565	-6714.633	-6714.962
group_1563	-5899.545	-5899.054	-5899.544	-5899.532
group_1572	-4568.421	-4568.420	-4568.419	-4568.422
group_1582	-2987.846	-2987.741	-2987.808	-2987.664
group_15	-8327.889	-8312.451	-8317.817	-8318.870
group_158	-6602.773	-6602.274	-6600.744	-6600.749
group_1591	-3887.866	-3887.866	-3885.765	-3884.798
group_1595	-2738.838	-2738.836	-2738.814	-2738.697
group_1596	-1968.847	-1967.814	-1968.545	-1968.531
group_1608	-6924.765	-6923.927	-6920.113	-6918.192
group_1610	-7472.275	-7471.753	-7471.216	-7470.824
group_1611	-15252.394	-15247.437	-15228.127	-15225.001
group_1612	-7638.038	-7638.028	-7636.005	-7634.924
group_1613	-9119.129	-9106.310	-9105.903	-9106.789
group_1614	-5503.470	-5502.617	-5495.641	-5494.598
group_1615	-7862.344	-7859.391	-7861.671	-7861.934
group_1618	-11143.314	-11137.355	-11136.612	-11138.210
group_1622	-2152.959	-2152.031	-2152.746	-2152.549
group_162	-4110.704	-4110.688	-4110.285	-4110.479
group_166	-5942.575	-5942.186	-5942.269	-5941.552
group_1677	-2733.305	-2732.379	-2732.391	-2732.162
group_1678	-9517.803	-9514.103	-9513.536	-9514.775
group_168	-6337.430	-6337.402	-6337.279	-6337.348
group_169	-2675.276	-2672.261	-2674.306	-2674.173
group_1697	-7650.828	-7649.481	-7637.853	-7635.180
group_170	-13691.389	-13691.261	-13691.387	-13691.329
group_171	-4716.802	-4716.568	-4716.600	-4716.306
group_172	-2571.453	-2571.211	-2570.266	-2569.645
group_1730	-3898.002	-3898.001	-3896.509	-3896.889
group_1731	-2232.514	-2232.347	-2232.337	-2232.502
group_173	-15825.030	-15822.436	-15819.568	-15821.682
group_174	-9952.964	-9952.490	-9952.963	-9952.897
group_1753	-3992.252	-3991.974	-3991.913	-3991.861
group_175	-6619.092	-6617.180	-6617.316	-6618.104
group_177	-3279.537	-3277.400	-3278.736	-3279.076
group_1785	-5413.172	-5410.754	-5412.347	-5412.124
group_178	-6572.840	-6572.822	-6572.652	-6572.765
group_1787	-2536.649	-2535.470	-2534.186	-2533.800
group_1796	-4527.368	-4525.749	-4524.180	-4523.395
group_179	-9425.517	-9425.431	-9425.308	-9424.419
group_180	-4492.794	-4492.756	-4492.791	-4492.744
group_1809	-9078.268	-9076.906	-9076.659	-9077.070
group_1812	-5792.926	-5790.498	-5792.796	-5792.904
group_1816	-2520.599	-2520.488	-2520.378	-2520.342
group_181	-9195.307	-9193.312	-9194.965	-9195.220
group_1823	-4055.899	-4053.029	-4039.618	-4038.182
group_1827	-4799.277	-4798.556	-4796.198	-4795.353
group_182	-7515.048	-7515.046	-7514.738	-7514.358
group_1828	-6320.811	-6320.808	-6315.706	-6315.691
group_1830	-3974.813	-3973.608	-3967.618	-3967.870
group_1831	-7467.095	-7464.214	-7465.937	-7465.775
group_1832	-4852.012	-4851.999	-4851.983	-4851.916
group_183	-8800.901	-8800.873	-8800.514	-8800.380
group_184	-9198.467	-9196.087	-9198.215	-9197.161
group_1853	-7551.141	-7551.132	-7550.662	-7550.946
group_1857	-4660.837	-4660.738	-4659.205	-4660.051
group_185	-8341.795	-8341.763	-8341.503	-8341.759
group_1859	-6433.298	-6432.944	-6432.869	-6432.771
group_187	-3493.898	-3491.965	-3493.403	-3493.887
group_1875	-2372.314	-2372.007	-2368.325	-2368.745
group_188	-8799.783	-8799.442	-8799.219	-8799.781
group_189	-4060.380	-4060.032	-4060.290	-4060.378
group_190	-1903.302	-1903.212	-1902.572	-1902.883
group_191	-6872.231	-6872.229	-6872.188	-6872.054
group_1919	-6010.401	-6010.186	-6007.354	-6007.078
group_1923	-5150.327	-5149.061	-5150.325	-5150.314
group_192	-6545.486	-6544.492	-6543.184	-6544.735
group_1927	-1278.364	-1278.360	-1278.347	-1278.343
group_1928	-1235.136	-1234.030	-1235.126	-1235.127
group_1933	-6669.626	-6669.160	-6669.621	-6669.506
group_1935	-18616.350	-18611.015	-18596.863	-18593.816
group_193	-6905.898	-6901.991	-6904.555	-6905.081
group_1944	-2485.504	-2485.280	-2484.912	-2484.892
group_194	-8297.461	-8295.203	-8296.130	-8296.448
group_19	-5853.538	-5850.268	-5848.696	-5848.988
group_195	-9360.839	-9359.937	-9354.601	-9353.283
group_1969	-7952.569	-7950.570	-7949.470	-7948.336
group_1971	-3360.141	-3359.946	-3358.069	-3357.823
group_197	-6961.502	-6960.263	-6958.585	-6959.706
group_1980	-5612.270	-5612.250	-5612.185	-5612.265
group_1984	-3001.722	-3000.997	-3001.352	-3001.222
group_1986	-6210.634	-6210.080	-6208.619	-6207.773
group_198	-7349.169	-7348.256	-7344.095	-7342.445
group_200	-10184.352	-10183.850	-10183.648	-10182.842
group_201	-5419.005	-5418.984	-5418.078	-5418.081
group_2018	-6178.568	-6177.214	-6177.897	-6178.235
group_202	-5401.412	-5401.412	-5401.063	-5401.241
group_2025	-4958.753	-4958.554	-4946.358	-4945.349
group_203	-6752.034	-6751.672	-6752.015	-6751.994
group_2036	-9115.829	-9113.623	-9098.022	-9093.159
group_2044	-9417.872	-9409.396	-9381.871	-9379.115
group_2051	-8441.446	-8427.451	-8440.834	-8441.019
group_206	-11609.943	-11607.295	-11601.000	-11600.847
group_2069	-3045.372	-3045.299	-3045.372	-3045.346
group_2074	-9921.190	-9918.197	-9917.342	-9918.308
group_2075	-4389.084	-4389.063	-4389.075	-4389.044
group_207	-7372.554	-7372.531	-7372.332	-7372.451
group_2079	-15659.794	-15655.032	-15657.138	-15656.426
group_208	-6922.662	-6922.469	-6921.117	-6921.440
group_2093	-5987.470	-5986.738	-5986.027	-5985.891
group_209	-5297.801	-5295.086	-5297.695	-5297.792
group_2099	-13261.485	-13255.289	-13249.499	-13252.635
group_2106	-2286.650	-2280.820	-2272.582	-2272.287
group_210	-9510.155	-9509.075	-9509.625	-9509.971
group_211	-6078.877	-6077.806	-6078.877	-6078.837
group_2121	-9857.917	-9851.504	-9852.288	-9851.813
group_214	-13439.795	-13439.314	-13435.658	-13436.130
group_216	-4838.901	-4838.876	-4838.839	-4838.784
group_217	-15824.535	-15824.127	-15824.441	-15824.468
group_2173	-2317.800	-2317.673	-2317.741	-2317.677
group_218	-2999.988	-2998.734	-2998.717	-2998.609
group_219	-10977.521	-10977.044	-10975.336	-10975.947
group_220	-13695.383	-13694.768	-13695.123	-13695.314
group_2205	-7107.232	-7104.387	-7101.916	-7102.050
group_223	-12587.101	-12587.004	-12586.969	-12587.094
group_225	-10687.235	-10686.353	-10687.181	-10686.953
group_226	-6694.527	-6694.472	-6694.126	-6694.169
group_2285	-10486.830	-10484.663	-10486.305	-10486.601
group_2288	-6634.613	-6634.116	-6632.950	-6631.982
group_228	-9833.884	-9832.644	-9829.525	-9830.173
group_229	-10914.117	-10913.644	-10913.491	-10914.014
group_2296	-3890.229	-3889.745	-3890.225	-3890.155
group_2314	-7868.313	-7867.439	-7867.243	-7866.506
group_2315	-14338.972	-14338.937	-14331.787	-14329.851
group_2318	-10314.041	-10309.074	-10296.136	-10294.628
group_231	-9926.169	-9925.445	-9922.772	-9926.096
group_232	-11777.217	-11777.165	-11775.597	-11775.002
group_2341	-3139.705	-3139.591	-3139.688	-3139.705
group_235	-3249.504	-3248.695	-3249.467	-3249.504
group_2356	-4864.311	-4864.050	-4864.248	-4864.293
group_2364	-1656.305	-1656.266	-1656.281	-1656.305
group_2381	-2654.226	-2654.225	-2654.029	-2653.927
group_2382	-5431.163	-5426.824	-5430.517	-5430.844
group_238	-2869.825	-2867.112	-2868.934	-2868.721
group_2387	-1285.274	-1284.774	-1283.279	-1283.269
group_2389	-3417.922	-3416.789	-3415.864	-3416.056
group_2392	-8550.497	-8550.308	-8550.491	-8550.372
group_2395	-5532.902	-5532.512	-5530.240	-5529.161
group_2396	-7002.117	-7001.913	-6999.022	-6998.386
group_2399	-4159.744	-4157.106	-4159.722	-4159.623
group_240	-7075.042	-7074.855	-7073.323	-7072.648
group_2407	-14605.669	-14603.926	-14597.368	-14595.263
group_2408	-2468.787	-2467.921	-2467.287	-2466.689
group_2419	-1465.193	-1465.184	-1464.827	-1464.885
group_2422	-14242.157	-14242.107	-14234.930	-14232.681
group_2423	-1938.033	-1937.948	-1937.965	-1937.998
group_2426	-3272.023	-3272.020	-3271.879	-3272.010
group_2452	-2707.899	-2707.515	-2705.879	-2705.400
group_2453	-3452.651	-3451.720	-3451.782	-3451.157
group_2462	-3635.985	-3885.542	-3622.559	-3620.709
group_247	-7850.119	-7849.710	-7848.307	-7848.803
group_248	-6324.108	-6322.726	-6322.518	-6322.309
group_2498	-4190.359	-4188.321	-4190.357	-4190.312
group_250	-2445.930	-2445.917	-2445.880	-2445.887
group_2506	-3728.963	-3728.909	-3727.030	-3725.549
group_2508	-9259.902	-9255.826	-9250.841	-9249.977
group_2510	-4201.845	-4201.259	-4195.990	-4194.948
group_2514	-6002.153	-6001.820	-6000.747	-6001.340
group_2517	-1317.156	-1317.123	-1317.123	-1317.125
group_2526	-3306.570	-3306.560	-3305.614	-3305.480
group_2539	-3459.439	-3459.436	-3458.769	-3458.462
group_254	-11883.831	-11883.114	-11881.347	-11880.800
group_2546	-5538.848	-5537.884	-5537.401	-5535.788
group_2569	-2698.922	-2698.295	-2698.459	-2698.329
group_2572	-7732.594	-7730.326	-7726.632	-7725.543
group_2573	-5967.186	-5965.391	-5964.202	-5963.845
group_2574	-3634.333	-3634.321	-3634.281	-3634.278
group_257	-7358.596	-7358.522	-7357.479	-7356.758
group_258	-5407.317	-5407.193	-5407.114	-5406.461
group_260	-4429.390	-4428.818	-4428.935	-4428.987
group_262	-15133.181	-15129.641	-15131.047	-15132.305
group_263	-7630.662	-7630.432	-7630.399	-7630.591
group_264	-8273.635	-8273.630	-8273.450	-8273.439
group_265	-12345.291	-12344.978	-12345.264	-12345.232
group_2662	-13359.674	-13358.834	-13348.879	-13343.631
group_266	-3273.637	-3273.100	-3273.636	-3273.611
group_268	-3270.914	-3270.759	-3269.279	-3269.085
group_271	-30721.254	-30721.245	-30720.107	-30719.787
group_273	-3346.729	-3345.959	-3341.154	-3341.660
group_275	-9674.087	-9672.116	-9673.944	-9674.087
group_2763	-1644.259	-1644.257	-1644.059	-1643.936
group_2770	-1666.819	-1666.815	-1666.360	-1666.199
group_277	-12479.337	-12479.147	-12476.533	-12475.275
group_278	-10297.866	-10297.503	-10287.334	-10286.921
group_2786	-5195.243	-5194.392	-5188.671	-5186.543
group_2793	-4230.411	-4230.231	-4230.411	-4230.370
group_2795	-6674.489	-6674.453	-6673.763	-6673.094
group_2798	-2079.217	-2074.536	-2067.745	-2069.574
group_280	-8541.615	-8541.124	-8540.810	-8540.823
group_2811	-7610.899	-7609.351	-7606.758	-7607.679
group_2815	-4964.608	-4964.233	-4963.219	-4963.128
group_2816	-6262.333	-6261.164	-6262.075	-6262.271
group_281	-7215.408	-7215.333	-7214.813	-7214.987
group_2823	-3191.018	-3190.806	-3189.880	-3189.469
group_28	-4609.459	-4598.654	-4608.235	-4608.632
group_284	-7117.486	-7117.485	-7116.953	-7116.385
group_285	-14642.885	-14642.602	-14634.330	-14633.803
group_286	-7280.652	-7280.620	-7280.527	-7280.652
group_2868	-4623.501	-4623.420	-4623.442	-4623.416
group_287	-8422.230	-8422.226	-8422.169	-8421.974
group_2887	-3409.751	-3408.561	-3406.726	-3405.967
group_289	-13088.944	-13088.943	-13087.770	-13087.064
group_2905	-3749.427	-3746.086	-3737.520	-3736.227
group_295	-4331.455	-4328.527	-4328.899	-4328.603
group_296	-9799.257	-9797.186	-9798.270	-9798.658
group_298	-4324.559	-4324.490	-4321.640	-4321.700
group_300	-9506.038	-9505.612	-9506.024	-9506.022
group_301	-13783.105	-13782.511	-13783.087	-13783.051
group_30	-21150.036	-21026.994	-21108.628	-21116.273
group_302	-3569.737	-3569.735	-3568.329	-3569.198
group_303	-8767.641	-8767.447	-8764.241	-8784.249
group_304	-24654.308	-24650.079	-24651.441	-24651.596
group_305	-5789.495	-5788.466	-5782.932	-5781.612
group_306	-3283.034	-3281.998	-3282.168	-3281.858
group_3078	-6699.658	-6697.705	-6699.536	-6699.646
group_3081	-9809.680	-9807.087	-9807.874	-9807.658
group_308	-9815.641	-9814.634	-9815.635	-9815.614
group_311	-22435.338	-22434.886	-22435.334	-22435.220
group_312	-4038.527	-4033.793	-4037.565	-4037.058
group_3126	-4791.794	-4791.239	-4792.244	-4791.218
group_3131	-1792.210	-1792.205	-1791.835	-1791.546
group_313	-5611.805	-5611.209	-5610.548	-5610.350
group_3155	-2363.890	-2363.581	-2361.500	-2361.571
group_3160	-5101.298	-5101.096	-5092.612	-5095.039
group_316	-10827.188	-10826.850	-10827.061	-10826.219
group_31627	-2556.373	-2556.194	-2555.452	-2555.400
group_3181	-8038.448	-8038.219	-8033.186	-8032.023
group_31	-8695.896	-8691.014	-8688.140	-8688.851
group_3196	-3680.615	-3678.307	-3673.670	-3674.712
group_319	-6959.339	-6959.305	-6959.147	-6959.109
group_320	-14295.008	-14294.481	-14294.957	-14295.005
group_3209	-1477.731	-1477.690	-1477.078	-1477.424
group_32	-11922.610	-11920.020	-11922.485	-11922.183
group_321	-5508.362	-5508.180	-5505.928	-5506.549
group_322	-5369.771	-5368.674	-5369.771	-5369.066
group_3233	-2176.392	-2176.300	-2175.103	-2175.414
group_3234	-3674.140	-3671.306	-3670.639	-3669.359
group_3235	-2886.258	-2886.095	-2884.391	-2883.889
group_3240	-4660.129	-4657.909	-4658.347	-4658.790
group_324	-15090.999	-15090.104	-15084.415	-15085.294
group_3242	-11435.539	-11434.404	-11431.069	-11432.812
group_325	-2467.443	-2467.280	-2467.124	-2466.753
group_3261	-1306.222	-1305.888	-1305.535	-1305.638
group_3273	-5345.226	-5344.821	-5340.976	-5340.391
group_327	-5293.576	-5292.603	-5290.889	-5289.865
group_3277	-5360.759	-5360.614	-5360.742	-5360.758
group_328	-7786.724	-7786.668	-7786.667	-7786.692
group_329	-4847.466	-4846.738	-4846.544	-4846.058
group_330	-14575.029	-14573.488	-14570.276	-14567.654
group_331	-8745.386	-8743.999	-8744.365	-8743.951
group_332	-1669.270	-1668.589	-1669.171	-1669.264
group_333	-3522.850	-3520.447	-3520.190	-3521.338
group_334	-3803.674	-3803.548	-3803.643	-3803.637
group_335	-4658.477	-4658.310	-4657.632	-4657.681
group_336	-2881.343	-2881.208	-2880.997	-2881.012
group_3367	-6700.738	-6695.755	-6700.686	-6700.243
group_337	-11173.387	-11173.178	-11170.876	-11172.095
group_338	-1063.597	-1062.977	-1063.555	-1063.442
group_340	-4585.850	-4585.843	-4585.639	-4585.553
group_341	-11715.671	-11715.305	-11710.020	-11708.611
group_344	-4810.636	-4810.635	-4808.551	-4807.793
group_346	-921.223	-921.107	-920.184	-920.175
group_348	-6676.114	-6675.042	-6676.087	-6676.005
group_35	-13107.943	-13106.502	-13086.736	-13094.111
group_351	-38297.470	-38291.822	-38297.027	-38297.439
group_3516	-3783.693	-3782.428	-3777.244	-3775.731
group_3533	-2485.352	-2485.319	-2485.054	-2485.123
group_357	-4748.347	-4748.260	-4745.658	-4745.408
group_358	-12616.026	-12613.767	-12614.723	-12615.575
group_359	-11951.863	-11948.327	-11950.655	-11949.781
group_360	-3637.928	-3637.748	-3637.271	-3637.244
group_361	-21792.607	-21792.605	-21789.450	-21787.021
group_3628	-5573.783	-5573.717	-5570.487	-5570.113
group_3646	-5081.124	-5077.282	-5055.193	-5052.714
group_365	-40114.583	-40112.868	-40113.474	-40112.389
group_36	-8312.234	-8297.597	-8311.478	-8310.939
group_369	-8940.150	-8939.835	-8939.894	-8939.808
group_370	-9410.640	-9410.467	-9408.158	-9407.538
group_371	-3082.987	-3082.899	-3082.310	-3081.924
group_375	-7970.184	-7969.746	-7969.566	-7969.123
group_38	-10499.519	-10496.457	-10496.214	-10492.057
group_3816	-2908.905	-2908.814	-2908.513	-2908.321
group_382	-5134.426	-5134.348	-5133.386	-5132.286
group_383	-12425.242	-12422.399	-12422.667	-12421.257
group_386	-5323.204	-5322.997	-5323.101	-5323.122
group_391	-4658.628	-4658.537	-4658.204	-4658.268
group_392	-13082.265	-13082.213	-13079.631	-13078.215
group_3927	-1945.161	-1944.418	-1939.485	-1938.459
group_393	-4291.650	-4291.512	-4291.645	-4291.616
group_397	-7679.777	-7679.772	-7679.759	-7679.654
group_398	-13732.223	-13730.782	-13732.222	-13732.198
group_3998	-8079.077	-8078.700	-8077.295	-8076.257
group_400	-3755.455	-3755.455	-3755.397	-3755.390
group_406	-13104.477	-13104.315	-13104.088	-13104.013
group_409	-3973.383	-3973.139	-3972.998	-3972.678
group_413	-10780.972	-10770.388	-10766.719	-10767.532
group_414	-21303.951	-21301.415	-21301.926	-21300.220
group_4	-14674.072	-14668.888	-14673.925	-14672.346
group_415	-6887.559	-6886.590	-6885.469	-6883.551
group_418	-4914.051	-4913.941	-4913.030	-4912.660
group_419	-10978.725	-10978.494	-10977.146	-10977.286
group_420	-12380.146	-12371.822	-12379.720	-12379.791
group_4202	-2919.942	-2919.828	-2917.933	-2917.486
group_421	-7328.479	-7328.319	-7327.837	-7327.525
group_422	-6457.244	-6456.832	-6456.052	-6456.899
group_42	-5813.178	-5813.055	-5806.666	-5806.894
group_426	-10515.380	-10514.917	-10514.017	-10513.408
group_428	-6076.395	-6099.249	-6074.615	-6074.405
group_429	-8382.137	-8381.017	-8380.937	-8381.236
group_430	-17401.390	-17398.257	-17400.586	-17401.185
group_431	-6277.462	-6277.459	-6277.430	-6277.250
group_432	-6571.877	-6571.388	-6569.812	-6568.831
group_433	-11761.756	-11761.738	-11761.560	-11761.513
group_4356	-1727.943	-1726.820	-1727.076	-1727.201
group_436	-14892.576	-14892.500	-14891.888	-14890.962
group_4367	-1343.067	-1343.030	-1339.522	-1339.493
group_4386	-8008.659	-8008.480	-8008.050	-8008.290
group_438	-8580.360	-8579.651	-8580.349	-8580.229
group_441	-23668.138	-23668.114	-23664.641	-23662.188
group_445	-7952.765	-7948.250	-7950.434	-7951.659
group_447	-5905.409	-5904.308	-5905.361	-5905.333
group_451	-16742.805	-16733.110	-16739.041	-16736.770
group_452	-3544.496	-3544.108	-3544.337	-3544.471
group_457	-15247.206	-15245.563	-15246.933	-15247.132
group_459	-21149.118	-21149.111	-21149.021	-21149.108
group_461	-7846.379	-7844.780	-7846.062	-7846.362
group_46	-6389.414	-6373.072	-6378.847	-6377.637
group_467	-7310.915	-7310.894	-7308.818	-7308.518
group_468	-6214.809	-6212.933	-6213.977	-6213.820
group_470	-15024.929	-15024.843	-15024.708	-15024.206
group_475	-7658.234	-7658.022	-7649.865	-7649.498
group_477	-10435.827	-10435.776	-10433.680	-10431.923
group_478	-4419.113	-4419.093	-4416.187	-4415.362
group_4796	-5258.891	-5258.123	-5258.812	-5258.875
group_481	-9455.091	-9455.082	-9454.204	-9452.999
group_488	-3583.433	-3582.896	-3583.426	-3583.431
group_489	-7064.846	-7062.839	-7064.828	-7064.844
group_490	-8391.374	-8389.533	-8389.054	-8389.028
group_494	-23740.085	-23740.025	-23738.247	-23738.020
group_495	-1861.592	-1861.385	-1861.180	-1861.408
group_496	-2252.979	-2252.768	-2252.948	-2252.921
group_499	-6137.653	-6136.988	-6136.650	-6136.336
group_501	-4825.495	-4807.039	-4808.431	-4808.357
group_502	-5290.632	-5289.278	-5290.151	-5289.936
group_505	-7268.769	-7268.383	-7265.887	-7264.396
group_506	-14753.538	-14752.457	-14753.313	-14753.494
group_507	-3352.459	-3351.782	-3350.216	-3349.794
group_508	-5787.393	-5787.219	-5786.178	-5785.480
group_510	-10371.828	-10371.094	-10371.780	-10371.827
group_516	-6594.864	-6592.873	-6594.622	-6594.199
group_517	-11167.847	-11167.389	-11165.711	-11164.815
group_51	-8409.162	-8409.160	-8403.198	-8404.495
group_521	-2060.819	-2060.765	-2060.821	-2062.841
group_52	-12095.964	-12093.891	-12095.115	-12093.250
group_522	-8328.555	-8328.555	-8328.507	-8328.050
group_523	-10900.456	-10900.182	-10898.362	-10896.955
group_524	-4867.250	-4867.237	-4866.601	-4866.478
group_525	-6144.653	-6143.679	-6142.753	-6143.451
group_526	-7624.393	-7623.660	-7624.125	-7623.577
group_527	-8989.843	-8989.427	-8986.277	-8985.298
group_528	-14690.921	-14689.678	-14688.642	-14689.489
group_529	-6137.394	-6134.555	-6132.362	-6133.456
group_530	-10319.546	-10319.371	-10319.414	-10319.542
group_531	-4987.918	-4986.333	-4987.532	-4987.870
group_53	-18743.059	-18739.701	-18710.126	-18713.037
group_532	-7211.127	-7210.591	-7211.102	-7211.120
group_533	-7997.571	-7934.129	-7935.095	-7934.704
group_5345	-5334.983	-5329.036	-5312.126	-5309.933
group_535	-8161.476	-8161.085	-8161.298	-8160.891
group_536	-7813.390	-7813.081	-7812.605	-7811.496
group_538	-7052.918	-7051.634	-7047.864	-7046.658
group_540	-5934.858	-5934.059	-5928.324	-5926.114
group_5423	-2411.134	-2408.457	-2411.115	-2411.134
group_543	-12469.601	-12468.580	-12466.970	-12465.679
group_5450	-3191.337	-3190.918	-3183.754	-3182.585
group_546	-10871.251	-10871.185	-10870.349	-10869.398
group_547	-6652.761	-6651.611	-6658.312	-6652.671
group_550	-2930.635	-2930.600	-2930.461	-2930.573
group_553	-7796.863	-7796.780	-7790.589	-7788.702
group_554	-4134.967	-4134.772	-4134.905	-4135.347
group_555	-2707.440	-2707.398	-2706.719	-2706.286
group_556	-4860.054	-4859.920	-4860.048	-4860.043
group_557	-7679.188	-7677.435	-7677.514	-7677.755
group_558	-2340.490	-2340.489	-2340.272	-2340.028
group_559	-3913.183	-3913.086	-3913.115	-3912.961
group_564	-4355.978	-4353.707	-4353.289	-4353.601
group_565	-6324.963	-6324.728	-6324.793	-6324.556
group_569	-3837.972	-3837.920	-3837.853	-3837.669
group_57	-18099.887	-18090.959	-18064.974	-18070.494
group_572	-7885.812	-7885.707	-7880.559	-7881.061
group_573	-5397.841	-5397.834	-5397.833	-5397.724
group_574	-14292.618	-14286.283	-14287.819	-14289.950
group_576	-3668.920	-3661.474	-3662.435	-3662.600
group_580	-5829.443	-5828.682	-5828.238	-5827.798
group_581	-4414.268	-4414.267	-4413.610	-4413.158
group_582	-4680.778	-4677.012	-4678.226	-4678.092
group_583	-9084.372	-9079.652	-9084.237	-9084.370
group_587	-8161.231	-8159.084	-8152.431	-8152.983
group_590	-3821.122	-3820.823	-3821.092	-3820.978
group_594	-3624.340	-3624.278	-3616.159	-3614.131
group_597	-10317.427	-10316.557	-10308.844	-10310.899
group_598	-4262.737	-4261.181	-4259.537	-4258.275
group_604	-6442.601	-6442.222	-6441.090	-6440.381
group_606	-4787.194	-4786.546	-4786.756	-4786.442
group_608	-3292.124	-3291.051	-3283.342	-3282.950
group_611	-6908.435	-6907.095	-6908.186	-6907.854
group_614	-9363.644	-9363.444	-9361.867	-9360.237
group_616	-5600.672	-5600.066	-5598.693	-5599.008
group_617	-18021.657	-18021.483	-18021.449	-18021.633
group_618	-3579.089	-3576.093	-3557.143	-3553.534
group_619	-3168.465	-3168.458	-3168.342	-3168.361
group_6215	-2180.591	-2177.372	-2172.336	-2171.632
group_623	-9980.712	-9979.576	-9977.225	-9976.152
group_624	-7062.358	-7056.839	-7062.339	-7062.327
group_625	-8388.672	-8387.991	-8388.642	-8388.672
group_628	-8207.250	-8202.074	-8198.001	-8195.437
group_630	-3559.486	-3557.770	-3558.091	-3558.950
group_632	-4379.840	-4378.873	-4376.593	-4375.254
group_633	-8473.754	-8464.484	-8473.549	-8473.619
group_635	-7415.900	-7415.732	-7411.600	-7409.558
group_636	-7078.214	-7077.967	-7070.852	-7068.475
group_637	-10934.084	-10934.062	-10933.465	-10933.980
group_638	-10856.858	-10856.841	-10856.849	-10856.771
group_639	-4816.303	-4816.163	-4816.300	-4816.240
group_64	-14663.504	-14659.624	-14659.816	-14657.277
group_642	-5345.196	-5344.306	-5344.083	-5344.523
group_644	-6505.926	-6505.011	-6503.108	-6501.842
group_645	-5509.809	-5509.800	-5508.974	-5508.780
group_648	-8933.002	-8932.482	-8930.444	-8930.442
group_649	-10023.031	-10020.957	-10012.105	-10009.136
group_650	-4050.498	-4050.469	-4049.457	-4048.693
group_651	-5567.714	-5567.142	-5567.651	-5567.313
group_652	-8460.310	-8460.305	-8459.005	-8458.699
group_654	-4538.032	-4536.874	-4536.728	-4537.309
group_657	-5310.910	-5308.020	-5309.079	-5307.569
group_659	-4492.500	-4491.668	-4492.322	-4492.448
group_666	-9243.853	-9243.150	-9242.025	-9241.298
group_667	-5152.762	-5152.759	-5151.400	-5150.045
group_668	-5992.265	-5992.263	-5990.359	-5990.174
group_67	-10052.326	-10044.416	-10043.616	-10041.866
group_673	-7704.609	-7702.716	-7692.606	-7690.378
group_675	-11217.917	-11217.479	-11209.008	-11206.132
group_678	-7021.504	-7020.508	-7006.873	-7004.302
group_681	-8969.651	-8968.842	-8968.820	-8967.846
group_684	-5875.479	-5875.477	-5873.867	-5872.775
group_686	-4162.801	-4162.786	-4161.229	-4161.573
group_689	-7502.827	-7502.711	-7502.820	-7502.357
group_692	-3336.020	-3334.126	-3336.020	-3336.005
group_695	-2671.939	-2671.359	-2671.483	-2671.691
group_696	-4540.629	-4539.775	-4540.526	-4540.606
group_697	-13184.648	-13184.567	-13184.023	-13183.373
group_700	-5388.579	-5388.552	-5388.146	-5387.929
group_701	-3185.614	-3185.593	-3185.421	-3185.314
group_702	-10366.069	-10365.339	-10365.800	-10364.690
group_703	-4635.541	-4635.385	-4635.369	-4635.329
group_707	-7604.567	-7604.411	-7603.157	-7602.555
group_708	-11895.487	-11895.485	-11885.727	-11883.206
group_709	-8575.462	-8575.452	-8575.422	-8575.359
group_712	-12253.689	-12248.673	-12250.894	-12250.329
group_713	-12652.429	-12650.182	-12652.336	-12652.392
group_715	-4119.971	-4119.970	-4119.568	-4119.884
group_718	-10856.728	-10855.593	-10839.779	-10835.694
group_720	-7118.857	-7118.521	-7118.052	-7117.036
group_723	-7452.710	-7452.340	-7451.628	-7450.856
group_725	-8385.631	-8384.903	-8385.621	-8385.551
group_726	-8465.888	-8465.869	-8465.861	-8465.773
group_729	-7817.715	-7815.625	-7817.654	-7817.352
group_730	-20127.097	-20122.957	-20124.794	-20125.902
group_731	-11593.813	-11593.193	-11590.427	-11588.881
group_736	-9681.006	-9680.342	-9680.469	-9680.190
group_740	-10795.462	-10795.383	-10795.441	-10795.315
group_74	-2380.006	-2379.919	-2379.877	-2379.869
group_744	-7068.803	-7068.113	-7061.557	-7060.517
group_745	-15064.144	-15062.832	-15063.873	-15062.746
group_751	-7702.348	-7701.355	-7702.343	-7702.289
group_753	-7199.228	-7198.895	-7198.556	-7198.553
group_754	-5199.269	-5198.982	-5198.598	-5198.183
group_757	-8227.010	-8226.316	-8226.967	-8227.008
group_758	-7075.625	-7075.522	-7074.513	-7074.713
group_761	-9400.594	-9398.993	-9399.457	-9399.734
group_76	-5588.483	-5588.246	-5587.970	-5587.411
group_768	-2951.587	-2949.040	-2951.570	-2951.579
group_771	-2144.541	-2143.900	-2144.309	-2144.481
group_773	-9514.321	-9491.996	-9506.549	-9508.819
group_776	-7180.294	-7180.193	-7179.627	-7179.278
group_778	-9104.017	-9103.736	-9103.609	-9103.391
group_780	-22421.138	-22420.648	-22413.907	-22412.230
group_78	-14027.886	-14027.515	-14027.448	-14027.251
group_783	-7680.770	-7680.697	-7677.375	-7676.039
group_788	-6165.235	-6163.842	-6164.247	-6163.782
group_789	-4133.962	-4133.669	-4133.923	-4133.769
group_790	-7792.034	-7790.858	-7791.637	-7791.823
group_791	-10143.348	-10142.137	-10141.923	-10140.678
group_792	-1661.051	-1661.031	-1661.044	-1660.966
group_795	-9242.307	-9240.289	-9241.232	-9240.489
group_796	-8628.064	-8627.715	-8625.700	-8625.248
group_797	-3652.096	-3651.544	-3650.517	-3650.130
group_799	-8792.917	-8792.015	-8786.916	-8787.410
group_800	-7964.035	-7961.769	-7941.103	-7936.790
group_80	-5549.956	-5549.956	-5549.679	-5549.194
group_806	-7439.746	-7437.209	-7438.151	-7438.769
group_807	-5588.334	-5586.442	-5588.225	-5588.306
group_809	-8636.371	-8636.202	-8635.525	-8635.731
group_81	-12319.137	-12318.770	-12319.130	-12319.094
group_811	-8387.608	-8387.387	-8387.591	-8387.605
group_812	-3634.165	-3634.272	-3636.832	-3633.345
group_813	-16257.091	-16255.514	-16236.922	-16233.073
group_816	-5891.302	-5889.345	-5891.295	-5891.289
group_819	-5229.327	-5228.946	-5229.267	-5228.860
group_820	-5536.667	-5533.377	-5529.579	-5527.851
group_821	-17683.971	-17683.390	-17679.309	-17676.826
group_822	-11135.417	-11134.650	-11131.469	-11130.328
group_824	-8690.912	-8690.912	-8689.153	-8688.293
group_825	-8891.212	-8889.915	-8891.116	-8891.212
group_827	-7810.275	-7808.832	-7803.200	-7801.817
group_828	-9596.361	-9596.356	-9596.202	-9596.361
group_832	-7898.999	-7898.498	-7894.048	-7893.113
group_836	-13836.540	-13832.528	-13834.499	-13835.154
group_845	-8221.928	-8221.926	-8221.035	-8220.683
group_847	-11919.677	-11919.461	-11917.519	-11917.185
group_848	-7106.576	-7105.684	-7104.165	-7104.555
group_852	-3338.838	-3338.180	-3338.729	-3338.726
group_853	-7554.629	-7553.260	-7553.381	-7552.805
group_855	-4611.198	-4610.399	-4610.075	-4608.487
group_857	-5512.737	-5512.676	-5508.563	-5508.182
group_860	-15919.295	-15918.261	-15919.095	-15919.278
group_862	-4551.098	-4551.098	-4551.065	-4550.942
group_865	-13702.847	-13702.719	-13701.893	-13701.337
group_866	-8348.794	-8348.633	-8345.169	-8343.210
group_868	-3584.038	-3583.541	-3582.520	-3582.150
group_869	-3879.528	-3879.188	-3879.403	-3879.009
group_873	-8068.433	-8067.883	-8066.405	-8065.371
group_874	-8290.564	-8290.165	-8285.870	-8284.756
group_878	-7381.401	-7381.400	-7380.931	-7380.946
group_879	-5528.965	-5528.525	-5527.410	-5527.259
group_882	-16510.867	-16510.667	-16506.493	-16504.878
group_883	-7928.122	-7927.652	-7926.753	-7926.240
group_884	-10968.124	-10967.381	-10962.246	-10963.142
group_885	-6322.777	-6320.589	-6319.353	-6320.100
group_889	-5684.740	-5684.638	-5684.300	-5684.095
group_890	-9033.551	-9033.541	-9033.441	-9033.323
group_89	-12261.494	-12237.444	-12243.821	-12247.017
group_892	-8269.191	-8268.871	-8269.122	-8269.186
group_896	-8756.986	-8756.754	-8755.091	-8754.745
group_899	-16462.349	-16456.391	-16458.856	-16460.158
group_90	-13798.435	-13795.089	-13795.173	-13797.029
group_901	-8259.741	-8258.295	-8258.811	-8258.327
group_903	-4991.016	-4987.973	-4990.036	-4989.601
group_904	-21822.012	-21819.594	-22199.592	-21821.342
group_910	-13930.432	-13929.459	-13924.274	-13925.485
group_911	-7342.942	-7342.775	-7342.941	-7342.840
group_914	-9867.988	-9867.855	-9864.363	-9862.977
group_916	-8817.268	-8815.376	-8814.648	-8814.062
group_917	-3071.702	-3071.303	-3067.426	-3066.657
group_919	-7433.725	-7433.614	-7429.343	-7428.363
group_923	-8295.331	-8295.281	-8293.991	-8292.828
group_924	-17967.609	-17956.605	-17929.252	-17925.248
group_927	-4123.477	-4123.471	-4121.548	-4120.435
group_928	-12713.922	-12711.727	-12712.498	-12713.138
group_929	-8132.096	-8131.170	-8122.792	-8119.276
group_930	-5179.124	-5179.115	-5179.096	-5178.662
group_933	-9240.034	-9239.928	-9234.918	-9235.137
group_936	-5909.427	-5909.066	-5904.694	-5904.071
group_937	-9421.606	-9421.288	-9421.587	-9421.310
group_939	-10237.970	-10234.614	-10230.226	-10228.121
group_941	-7182.318	-7182.318	-7182.298	-7182.315
group_942	-8398.511	-8398.509	-8397.976	-8397.476
group_946	-3305.769	-3304.315	-3301.037	-3300.771
group_949	-3089.847	-3089.573	-3089.630	-3089.723
group_951	-8006.329	-8006.094	-8006.015	-8005.604
group_952	-4870.399	-4869.344	-4870.271	-4870.314
group_954	-2144.901	-2144.864	-2144.900	-2144.852
group_957	-5839.355	-5839.046	-5836.750	-5835.569
group_959	-10387.358	-10387.270	-10384.793	-10384.222
group_960	-10541.340	-10541.169	-10537.977	-10537.858
group_961	-8587.984	-8587.362	-8573.022	-8570.241
group_963	-3235.457	-3235.455	-3235.453	-3235.386
group_964	-6586.640	-6586.501	-6584.247	-6582.835
group_965	-12227.001	-12225.912	-12224.457	-12225.814
group_966	-6617.552	-6617.546	-6617.302	-6616.954
group_969	-11721.097	-11711.692	-11705.176	-11701.313
group_970	-8040.976	-8040.423	-8036.722	-8034.490
group_971	-7227.475	-7223.981	-7223.763	-7222.787
group_972	-8382.839	-8380.353	-8382.124	-8381.734
group_973	-4831.035	-4819.918	-4829.413	-4829.985
group_974	-3797.310	-3797.280	-3794.227	-3794.520
group_975	-6089.130	-6088.398	-6088.785	-6088.596
group_976	-4511.255	-4510.230	-4505.805	-4505.392
group_978	-5913.242	-5911.384	-5913.070	-5912.875
group_981	-10396.247	-10396.209	-10396.086	-10395.907
group_982	-4088.028	-4087.812	-4087.915	-4087.683
group_983	-5441.718	-5440.088	-5441.664	-5441.360
group_986	-13350.800	-13350.718	-13341.891	-13339.689
group_98	-7575.825	-7563.375	-7563.004	-7564.291
group_988	-5481.742	-5479.768	-5477.381	-5476.014
group_989	-10234.263	-10230.320	-10229.986	-10228.946
group_998	-11151.195	-11150.706	-11150.487	-11150.762
grpE	-4610.370	-4610.370	-4606.158	-4603.870
grxC	-1332.524	-1332.082	-1332.391	-1332.452
grxD	-1788.227	-1786.337	-1788.206	-1788.226
gshA	-7403.396	-7401.113	-7394.397	-7393.474
gshB	-7034.749	-7126.020	-7034.645	-7034.440
gspC	-3500.912	-3500.858	-3500.842	-3500.884
gspE	-7465.283	-7464.492	-7463.504	-7463.793
gspF	-8440.143	-8438.978	-8436.940	-8437.605
gspG	-3794.500	-3791.508	-3783.239	-3786.969
gspH	-3683.820	-3682.657	-3683.475	-3683.675
gspI	-3802.315	-3802.315	-3801.584	-3801.411
gspJ	-5865.649	-5865.264	-5864.343	-5864.184
gspK_2	-10613.924	-10613.073	-10613.907	-10613.897
gspL	-13199.370	-13199.039	-13198.485	-13198.682
gspM	-4803.030	-4802.968	-4802.827	-4803.025
gspN	-8674.948	-8673.904	-8674.185	-8674.721
gspO	-9853.276	-9852.551	-9853.245	-9853.249
guaA	-9448.696	-9447.248	-9443.106	-9443.857
guaB	-8196.189	-8195.931	-8195.960	-8195.767
gyrA	-14977.315	-14975.351	-14976.572	-14976.662
gyrB	-16550.510	-16550.158	-16549.501	-16549.992
hemA	-8303.076	-8302.994	-8302.589	-8302.093
hemB	-6843.597	-6842.882	-6843.298	-6843.433
hemC	-8239.712	-8238.090	-8231.604	-8230.884
hemE	-8425.320	-8424.508	-8423.948	-8424.703
hemF	-6147.234	-6147.226	-6146.632	-6146.283
hemH_1	-8668.465	-8668.464	-8668.127	-8667.947
hemH_2	-4832.889	-4832.682	-4831.795	-4831.305
hemK	-9637.207	-9637.102	-9636.387	-9636.315
hemL	-8884.184	-8884.134	-8883.697	-8883.460
hfq_1	-3357.097	-3357.033	-3356.532	-3356.194
hfq	-733.536	-733.526	-732.910	-732.917
hisA	-3968.200	-3967.049	-3968.181	-3968.187
hisB	-3183.287	-3182.549	-3182.790	-3183.011
hisC	-8175.573	-8175.563	-8174.685	-8174.293
hisD	-8229.712	-8228.880	-8228.237	-8228.948
hisE	-2402.014	-2401.964	-2401.284	-2401.500
hisF	-4669.369	-4601.385	-4601.873	-4601.792
hisG	-4519.238	-4518.950	-4519.190	-4519.229
hisH	-3904.287	-3902.216	-3904.284	-3904.226
hisI	-2616.941	-2616.937	-2615.928	-2616.060
hisM_2	-7016.732	-7015.778	-6997.793	-7001.653
hisP_2	-6663.837	-6662.431	-6645.804	-6646.043
hisQ_2	-6263.673	-6262.419	-6245.934	-6248.245
hisZ	-8729.346	-8729.112	-8729.302	-8729.305
hmgA	-10580.831	-10574.409	-10580.631	-10580.237
holA	-8107.807	-8107.759	-8104.893	-8102.481
hom	-8044.608	-8044.607	-8044.255	-8044.021
hrcA	-5985.606	-5985.160	-5983.424	-5982.748
hscA	-13489.016	-13489.015	-13488.824	-13488.974
hscB	-3965.163	-3964.642	-3964.860	-3964.819
hslR	-3554.076	-3554.063	-3553.995	-3553.994
hslU	-8375.638	-8375.067	-8375.450	-8375.143
hslV	-2903.387	-2903.380	-2903.384	-2903.376
htpG	-11645.547	-11644.138	-11642.992	-11643.233
hupA_3	-2505.904	-2504.589	-2497.423	-2497.928
hutH_1	-10649.054	-10648.970	-10649.009	-10648.920
hutU	-10219.115	-10219.085	-10216.136	-10215.123
hyi_1	-6114.420	-6113.856	-6112.688	-6111.905
hyi_2	-6891.515	-6890.205	-6891.191	-6891.215
icd_1	-7478.966	-7472.712	-7466.063	-7468.929
ihfA	-1851.198	-1849.653	-1850.743	-1850.837
ihfB	-1749.750	-1749.140	-1749.460	-1749.303
ileS	-16602.157	-16599.231	-16602.152	-16601.815
ilvA_1	-10574.273	-10574.261	-10573.292	-10573.354
ilvC	-4650.222	-4650.219	-4649.802	-4649.927
ilvD_1	-6399.202	-6394.692	-6396.336	-6397.465
ilvE	-2844.268	-2843.976	-2834.649	-2836.073
ilvG	-15145.172	-15142.642	-15144.602	-15144.116
ilvH	-1875.452	-1875.260	-1875.074	-1875.238
ilvI_1	-8072.049	-8070.159	-8069.420	-8068.421
ilvR_1	-7546.664	-7545.447	-7546.451	-7546.230
IMPDH_1	-2910.654	-2910.288	-2910.629	-2910.643
IMPDH_3	-3556.832	-3552.440	-3550.879	-3552.338
infA_2	-1459.386	-1458.790	-1453.391	-1453.374
infB	-16009.918	-16009.146	-16003.461	-16004.952
infC	-1820.791	-1817.088	-1820.755	-1820.769
ipk	-7089.582	-7089.059	-7088.616	-7087.872
iscR	-2827.307	-2827.004	-2822.389	-2822.958
iscS	-6395.337	-6394.500	-6394.359	-6394.747
iscX	-1123.455	-1123.033	-1122.551	-1122.215
ispA	-6749.795	-6749.616	-6747.183	-6745.848
ispB	-6035.448	-6033.769	-6035.301	-6034.895
ispD	-5115.499	-5115.492	-5115.321	-5115.129
ispF	-4620.916	-4620.902	-4619.886	-4618.060
ispH_1	-6475.372	-6474.490	-6475.215	-6474.997
ispH_2	-6394.043	-6391.106	-6388.786	-6387.985
katB	-11747.013	-11745.858	-11735.980	-11734.103
kbl	-9403.650	-9402.065	-9403.577	-9403.626
kdpA	-14176.947	-14176.835	-14172.382	-14170.841
kdpB	-8006.902	-8004.970	-7993.197	-7989.844
kdpC	-5954.895	-5954.894	-5952.760	-5953.234
kdpD	-23088.938	-23088.641	-23080.931	-23077.838
kdpE	-4887.020	-4885.658	-4876.898	-4873.970
kdsB	-6690.361	-6689.990	-6690.339	-6690.287
kefB	-13065.357	-13064.791	-13065.023	-13065.344
kup_1	-13787.242	-13782.220	-13784.369	-13785.368
lasR	-6284.775	-6283.474	-6283.397	-6284.055
ldcA	-9912.129	-9910.818	-9912.110	-9911.971
lepA	-10517.614	-10419.197	-10415.153	-10416.262
lepB_1	-6211.173	-6210.956	-6209.573	-6208.900
leuA_1	-9492.468	-9491.483	-9492.468	-9492.376
leuB	-8356.880	-8343.956	-8328.125	-8352.585
leuC_2	-7933.919	-7932.008	-7931.251	-7931.310
leuD_2	-3912.477	-3908.782	-3911.944	-3912.107
leuS	-15989.741	-15984.828	-15987.913	-15988.027
lexA	-4230.119	-4230.079	-4229.635	-4229.973
lgt	-6934.967	-6934.637	-6934.818	-6934.460
ligA	-16183.100	-16182.974	-16176.361	-16174.256
ligI	-8697.901	-8696.852	-8697.259	-8696.956
lipA	-4796.096	-4795.883	-4795.552	-4795.781
lipB	-4318.498	-4317.821	-4317.574	-4317.597
lnt	-14991.887	-14991.091	-14991.886	-14991.835
lolA_1	-5419.076	-5418.429	-5418.357	-5417.601
lolB	-6120.520	-6120.515	-6114.819	-6114.373
lolD_1	-5862.707	-5861.949	-5862.655	-5862.704
lon	-11301.650	-11298.136	-11300.071	-11300.875
lplT	-17136.950	-17135.158	-17136.654	-17136.487
lptA	-5028.075	-5027.992	-5027.423	-5026.695
lptC	-4627.186	-4627.042	-4626.645	-4626.644
lptD_1	-19383.675	-19380.248	-19378.436	-19378.242
lpw206-207_1	-12322.954	-12322.034	-12322.251	-12322.767
lpxA	-5163.303	-5163.260	-5163.283	-5163.302
lpxB	-8707.340	-8706.736	-8705.809	-8706.598
lpxC	-6065.172	-6063.356	-6060.721	-6061.504
lpxD	-9043.943	-9043.847	-9043.330	-9042.699
lrp_1	-2360.073	-2358.417	-2355.447	-2355.490
lspA	-4020.132	-4020.125	-4018.849	-4018.201
ltaE_2	-7533.776	-7533.706	-7533.560	-7533.324
lutC	-6890.973	-6890.181	-6890.121	-6890.211
lysA	-9957.429	-9956.746	-9957.144	-9956.889
lysDH	-7361.303	-7361.019	-7352.679	-7350.276
lysS	-9052.963	-9052.960	-9051.975	-9052.344
maeB_1	-14014.738	-14007.887	-14009.709	-14011.716
maf_1	-5781.123	-5781.002	-5780.195	-5779.757
maf_2	-6535.159	-6534.870	-6535.156	-6535.135
malE_1	-9200.533	-9198.336	-9194.051	-9193.725
map2	-4995.874	-4995.330	-4995.863	-4995.730
map	-5093.187	-5085.827	-5092.568	-5092.487
mdh	-4623.323	-4621.384	-4618.340	-4617.573
mdtA_1	-12113.837	-12113.836	-12113.230	-12112.805
mdtC_1	-28499.147	-28496.497	-28453.735	-28492.412
metF	-5519.438	-5519.249	-5517.479	-5517.938
metG	-12961.493	-12961.491	-12961.448	-12961.213
metH1	-16129.530	-16129.159	-16129.474	-16128.807
metH2	-7176.480	-7175.800	-7176.367	-7176.399
metK	-6185.679	-6185.553	-6185.476	-6185.486
metX	-6650.959	-6649.158	-6650.301	-6650.869
metXA	-3616.251	-3614.680	-3616.055	-3616.227
mfd	-22182.017	-22181.826	-22179.817	-22178.766
miaA	-10009.738	-10007.216	-10008.565	-10008.760
miaB_1	-8052.384	-8052.367	-8050.758	-8050.328
minC	-6189.017	-6188.094	-6188.951	-6188.997
minD	-3804.221	-3802.852	-3804.221	-3804.220
minE	-1267.523	-1267.459	-1266.903	-1266.986
mlaC_2	-5749.271	-5749.008	-5748.843	-5748.593
mlaC	-4687.901	-4685.559	-4687.598	-4687.737
mlaD	-3568.888	-3567.423	-3567.727	-3567.800
mlaE	-5263.882	-5262.558	-5262.893	-5263.397
mliC	-4423.566	-4423.565	-4423.216	-4422.656
mltB	-9631.233	-9630.295	-9631.044	-9631.216
mneA	-6822.322	-6821.657	-6816.914	-6817.837
mnmA	-7625.444	-7625.397	-7624.966	-7624.389
moaA	-9113.536	-9113.391	-9111.745	-9111.317
moaC	-3414.649	-3414.569	-3413.563	-3412.942
moaD	-2079.269	-2076.303	-2079.151	-2079.217
moaE	-4279.512	-4279.184	-4276.960	-4274.664
moeA	-11739.386	-11738.969	-11739.365	-11738.996
mogA	-5337.470	-5336.884	-5337.469	-5337.449
motA_1	-3528.949	-3527.724	-3528.340	-3528.546
motB_1	-7317.935	-7312.732	-7314.990	-7315.498
mpl	-9801.672	-9801.592	-9801.414	-9801.357
mraW	-4813.151	-4813.070	-4812.499	-4812.108
mraY	-6476.449	-6470.840	-6476.406	-6476.447
mraZ	-2702.884	-2698.055	-2689.830	-2691.391
mrcA	-23872.416	-23840.244	-23838.691	-23836.326
mrdA	-18255.500	-18249.854	-18252.890	-18254.276
mreB_1	-4200.143	-4200.143	-4200.143	-4200.143
mscL	-3187.476	-3187.381	-3186.315	-3186.180
mtfA	-7213.433	-7212.662	-7207.214	-7205.131
mtgA	-6689.781	-6689.361	-6689.218	-6688.727
mtnN	-9212.811	-9212.773	-9210.151	-9207.756
murA	-8847.397	-8843.630	-8844.377	-8844.735
murB	-10838.367	-10838.222	-10838.113	-10838.062
murC	-8968.248	-8967.250	-8966.499	-8965.563
murD	-11853.718	-11853.448	-11853.137	-11852.821
murE	-13777.602	-13777.127	-13777.512	-13777.584
murF	-13413.254	-13413.222	-13413.156	-13413.209
murG	-8870.171	-8869.367	-8870.052	-8869.860
mutS	-20757.805	-20757.612	-20752.633	-20751.606
mutY	-9685.068	-9684.189	-9684.822	-9685.067
nadA	-8669.080	-8668.975	-8668.730	-8668.910
nadB	-11930.043	-11930.007	-11929.431	-11929.100
ndh	-10639.077	-10639.035	-10638.581	-10638.006
ndk	-2513.831	-2511.316	-2509.824	-2510.376
norM_1	-11423.058	-11420.867	-11420.774	-11420.207
norM_2	-12211.907	-12210.816	-12211.878	-12211.893
nrdB	-5737.270	-5736.985	-5736.476	-5736.597
nrdR	-2911.810	-2911.608	-2909.769	-2909.267
nth	-4570.964	-4570.399	-4570.807	-4570.322
ntpA	-4869.886	-4869.810	-4868.242	-4868.657
nudC	-3513.549	-3512.270	-3502.191	-3501.515
nudL	-7397.794	-7397.483	-7397.148	-7396.458
nuoA	-1559.069	-1557.809	-1556.888	-1556.541
nuoB	-1991.526	-1989.512	-1986.238	-1986.121
nuoC	-3956.265	-3955.663	-3954.966	-3954.611
nuoD	-6516.575	-6516.563	-6516.557	-6516.556
nuoF	-7314.519	-7307.687	-7313.778	-7314.249
nuoH	-5585.710	-5578.774	-5576.937	-5578.324
nuoJ	-4658.548	-4658.215	-4658.038	-4657.959
nuoK	-1135.262	-1135.188	-1135.163	-1135.167
nuoL	-12471.215	-12466.894	-12468.212	-12467.563
nuoM_1	-8850.917	-8849.969	-8847.553	-8848.224
nuoN	-10825.807	-10817.220	-10809.906	-10813.192
nusA	-7007.634	-7007.026	-7007.288	-7007.480
nusB	-3034.830	-3034.592	-3034.679	-3034.411
nusG	-3226.748	-3226.736	-3226.184	-3226.068
obgE	-7496.754	-7494.018	-7491.836	-7492.840
odhL	-7592.869	-7590.147	-7590.489	-7590.846
ogt	-11155.423	-11155.339	-11150.100	-11147.159
ompA_1	-2753.617	-2753.335	-2753.071	-2753.127
ompR_1	-3886.766	-3882.410	-3880.355	-3879.992
orn	-4300.212	-4299.850	-4299.959	-4300.146
otsA_1	-9804.573	-9804.479	-9804.015	-9803.305
otsB	-6607.612	-6607.381	-6607.168	-6606.514
oxyR	-5849.884	-5849.846	-5849.872	-5849.674
paaF_1	-6875.297	-6872.980	-6860.176	-6859.948
paaH	-13698.543	-13697.784	-13697.581	-13697.573
pal_1	-10734.736	-10733.442	-10733.967	-10734.104
panB	-6616.791	-6613.208	-6616.463	-6616.790
panC	-5678.430	-5677.393	-5677.484	-5677.578
panD	-2045.529	-2045.527	-2044.472	-2044.279
parC	-17582.664	-17580.335	-17579.880	-17580.463
parE	-11549.736	-11549.289	-11549.552	-11549.697
pasI	-3642.424	-3640.969	-3642.424	-3642.423
pasT	-2410.679	-2410.048	-2409.536	-2409.650
pcaB	-12223.763	-12223.679	-12220.170	-12218.445
pcaC	-3051.413	-3050.294	-3049.712	-3049.428
pcaF_1	-11535.350	-11527.575	-11534.442	-11534.066
pcaG	-6331.457	-6331.321	-6329.329	-6328.471
pcaH	-5367.792	-5366.176	-5366.402	-5365.563
pcaI	-4945.486	-4945.327	-4943.968	-4944.627
pckG	-14129.466	-14129.464	-14124.173	-14121.779
pcm_1	-7079.017	-7079.000	-7078.987	-7078.998
pcm	-4234.349	-4232.287	-4225.665	-4224.573
pdhB	-28240.831	-28226.427	-28240.272	-28240.903
pdxH	-5776.467	-5776.131	-5775.122	-5774.104
pdxJ	-5377.376	-5377.288	-5374.766	-5374.426
pdxY	-7107.217	-7107.007	-7105.868	-7104.944
pepA	-9727.643	-9726.961	-9727.624	-9727.335
pepN	-20645.114	-20644.358	-20630.366	-20628.162
pepQ	-12024.894	-12024.650	-12024.156	-12024.005
petA	-5267.231	-5256.353	-5261.963	-5262.009
petB	-8332.683	-8330.783	-8331.990	-8332.558
petC	-5511.705	-5510.461	-5507.508	-5507.595
pgi	-12091.605	-12090.789	-12085.946	-12084.429
pgk	-7196.538	-7196.529	-7194.983	-7194.293
pgl_1	-6087.606	-6087.435	-6087.043	-6086.823
pgm	-9512.785	-9512.391	-9507.532	-9505.020
pgpA	-4708.033	-4707.987	-4707.710	-4707.461
phaP_1	-3417.046	-3417.045	-3416.828	-3416.666
phbB_1	-4942.513	-4942.263	-4938.470	-4939.431
pheA	-7801.860	-7801.856	-7801.860	-7801.728
pheC	-7671.518	-7671.371	-7661.495	-7659.648
pheS	-5649.036	-5648.989	-5648.371	-5648.577
pheT	-17022.345	-17020.133	-17019.603	-17020.144
phoB	-3789.803	-3770.493	-3750.403	-3747.513
pilC	-14548.717	-14547.348	-14548.287	-14548.640
pld1	-10083.714	-10083.608	-10081.433	-10078.988
plsC	-8114.392	-8113.756	-8109.632	-8108.856
pmpR	-3511.978	-3511.916	-3511.784	-3511.796
pnp	-11335.186	-11333.208	-11333.264	-11333.471
pntAA	-10526.731	-10517.412	-10493.490	-10520.791
pntAB	-2377.866	-2376.452	-2375.989	-2375.667
pntB	-9717.298	-9717.068	-9717.070	-9716.745
polA	-20428.224	-20421.572	-20428.061	-20427.772
potF	-6642.234	-6640.723	-6641.721	-6641.987
potH_1	-7777.310	-7776.190	-7766.225	-7767.287
potI_1	-7597.245	-7596.732	-7596.907	-7597.026
ppa	-2571.615	-2570.267	-2570.803	-2570.964
ppiA	-3790.628	-3790.209	-3790.591	-3790.605
ppiB	-2644.190	-2644.190	-2644.044	-2644.075
ppnK	-5865.762	-5865.702	-5865.532	-5865.415
ppsA	-13199.142	-13197.723	-13193.971	-13195.423
ppsR	-4556.160	-4555.731	-4555.958	-4556.108
pqiA_2	-4122.797	-4122.767	-4122.320	-4122.383
prfA_1	-4219.919	-4217.954	-4219.606	-4219.605
prfA_2	-6432.145	-6430.160	-6431.993	-6432.061
priA	-21179.901	-21179.805	-21177.736	-21175.896
prmA	-6884.962	-6884.296	-6884.528	-6883.994
prmC	-10730.176	-10729.879	-10729.959	-10730.176
proA	-9457.519	-9457.400	-9456.412	-9455.655
proB	-8204.476	-8204.465	-8201.173	-8200.016
proS	-11334.713	-11333.324	-11332.869	-11332.825
prpB_1	-12760.647	-12759.258	-12760.416	-12760.631
prpD	-9693.230	-9692.685	-9690.907	-9690.636
prs	-4546.637	-4546.188	-4546.572	-4546.536
psiF	-2606.644	-2606.542	-2606.064	-2605.976
pstA	-6410.734	-6410.672	-6410.654	-6410.729
pstB	-4767.584	-4766.711	-4762.005	-4760.624
pstC	-4134.281	-4133.749	-4134.184	-4134.186
pstS_1	-6251.785	-6250.943	-6245.622	-6246.591
pth	-4039.893	-4039.379	-4039.893	-4039.893
ptsH	-1522.151	-1522.139	-1521.369	-1521.733
pucA	-9020.977	-9020.875	-9002.845	-9000.362
purA	-7906.334	-7904.866	-7900.480	-7901.345
purB	-8380.372	-8380.219	-8380.313	-8380.098
purD	-7909.421	-7905.298	-7882.531	-7878.965
purE	-3436.258	-3435.083	-3436.236	-3436.242
purF	-8768.497	-8767.844	-8768.495	-8768.431
purH	-9046.460	-9046.328	-9044.611	-9043.956
purK	-8143.309	-8143.114	-8136.833	-8134.147
purL	-28565.672	-28563.785	-28564.744	-28563.788
purM	-6970.276	-6970.059	-6970.071	-6969.878
purN	-4422.465	-4421.752	-4422.188	-4422.286
purT	-8897.287	-8896.488	-8895.213	-8894.150
purU	-5354.034	-5353.764	-5352.619	-5352.093
putA	-26132.072	-26129.156	-26132.037	-26131.669
pxpC	-9410.548	-9406.398	-9389.744	-9385.901
pyrB_1	-5877.917	-5876.058	-5876.515	-5876.788
pyrC	-7509.369	-7509.360	-7507.772	-7507.252
pyrD	-6428.834	-6428.776	-6427.252	-6426.373
pyrE	-3419.254	-3418.451	-3418.396	-3418.333
pyrF	-6270.599	-6266.428	-6270.550	-6270.495
pyrG	-8547.780	-8542.837	-8542.086	-8542.644
pyrH	-3647.090	-3647.047	-3647.090	-3647.087
pyrR	-4220.656	-4220.530	-4220.431	-4220.041
pyrX	-9785.638	-9783.928	-9782.817	-9783.875
qmcA	-6298.523	-6297.590	-6298.228	-6298.423
qor_2	-7684.016	-7683.675	-7682.120	-7680.606
queA	-7705.130	-7704.395	-7705.000	-7704.693
queC	-5427.413	-5424.506	-5416.269	-5415.087
queE	-3828.640	-3827.361	-3828.618	-3828.640
queF	-7837.657	-7837.171	-7831.645	-7830.971
radA	-9781.036	-9775.231	-9778.583	-9779.823
radC	-8684.535	-8684.052	-8684.307	-8684.477
rapZ	-6861.244	-6859.828	-6860.918	-6861.199
rbfA	-2230.002	-2229.975	-2229.573	-2229.633
recA	-5446.930	-5444.100	-6005.417	-5442.285
recG	-17309.518	-17308.962	-17308.468	-17306.702
recO	-6766.636	-6766.287	-6765.386	-6764.953
recQ	-15136.433	-15136.425	-15136.428	-15136.288
recR	-3550.848	-3550.278	-3550.706	-3550.773
relA	-16450.625	-16448.868	-16445.077	-16442.424
rep_2	-12470.567	-12462.317	-12464.801	-12466.317
resA_1	-4618.100	-4618.097	-4613.905	-4614.192
resA_2	-6557.583	-6556.900	-6557.544	-6557.363
rhaS_5	-9853.700	-9850.738	-9851.059	-9848.932
rhlE2	-10925.676	-10925.673	-10923.054	-10922.841
rhlE_2	-9574.052	-9573.961	-9567.086	-9567.115
rho	-5326.019	-5325.550	-5325.214	-5325.433
ribA	-4846.905	-4846.247	-4845.540	-4845.123
ribB_1	-6404.633	-6401.874	-6404.582	-6518.299
ribB_2	-7503.220	-7502.852	-7503.030	-7503.170
ribD	-9631.890	-9631.828	-9630.789	-9629.822
ribE	-5345.247	-5345.096	-5344.099	-5343.344
ribH	-2892.933	-2892.387	-2892.352	-2892.425
rimM	-6354.791	-6353.224	-6353.442	-6353.484
rimO	-8043.034	-8042.974	-8042.907	-8042.879
rimP	-1944.047	-1942.948	-1942.498	-1941.412
rlmI	-8634.574	-8634.402	-8634.354	-8633.730
rlmJ	-7125.389	-7125.382	-7125.349	-7125.376
rlmN	-7279.386	-7279.340	-7279.357	-7279.376
rlpA_2	-5917.126	-5916.579	-5918.244	-5917.121
rmlA	-9123.684	-9115.446	-9123.507	-9122.292
rmlB	-10051.416	-10001.719	-10041.704	-10044.551
rmlC_1	-7752.164	-7749.353	-7750.490	-7752.066
rmlD_1	-8350.162	-8349.880	-8349.554	-8349.442
rnc	-10803.469	-10803.449	-10801.813	-10800.340
rnhA	-3272.919	-3272.919	-3272.104	-3272.382
rnhB	-6592.491	-6592.232	-6592.272	-6591.962
rodA	-7761.323	-7756.594	-7760.950	-7760.600
roxA	-11098.210	-11097.778	-11098.179	-11097.824
rph	-5057.589	-5057.449	-5057.521	-5057.166
rpiA	-5560.603	-5560.039	-5560.504	-5560.597
rplA	-4316.987	-4316.980	-4316.568	-4316.759
rplB	-3861.682	-3861.635	-3861.239	-3861.186
rplC	-2613.631	-2613.044	-2612.585	-2612.590
rplD	-2220.796	-2220.715	-2220.790	-2220.771
rplE	-1980.741	-1980.713	-1980.566	-1980.604
rplF	-2472.401	-2472.010	-2472.341	-2472.240
rplI	-2731.183	-2730.866	-2729.851	-2730.005
rplJ	-2081.308	-2080.026	-2080.047	-2080.034
rplK	-1800.348	-1800.342	-1799.755	-1799.849
rplL	-1503.212	-1503.147	-1502.594	-1502.585
rplM	-1210.517	-1210.254	-1210.429	-1210.426
rplN	-1252.354	-1251.665	-1252.336	-1252.337
rplO	-2379.280	-2379.120	-2376.352	-2376.928
rplP	-1540.176	-1540.087	-1537.961	-1537.965
rplQ	-1895.312	-1891.759	-1893.797	-1893.796
rplR	-1259.952	-1259.951	-1259.923	-1259.949
rplS	-1583.517	-1582.954	-1583.186	-1583.448
rplT	-895.191	-894.387	-895.154	-895.154
rplV	-1018.188	-1015.129	-1015.479	-1014.488
rplW	-1193.617	-1193.506	-1192.097	-1192.115
rplX	-1523.890	-1522.601	-1520.707	-1520.063
rpmA	-1255.778	-1255.447	-1255.583	-1255.704
rpmB	-1063.846	-1056.240	-1055.839	-1055.856
rpmC	-415.642	-415.230	-415.095	-415.093
rpmD	-792.336	-791.499	-791.460	-791.464
rpmE2	-1289.867	-1289.122	-1289.203	-1289.212
rpmF	-808.927	-807.938	-807.209	-806.994
rpmG	-679.302	-678.888	-677.365	-677.350
rpmH	-465.976	-465.916	-465.871	-465.869
rpmI	-711.685	-711.685	-711.644	-711.645
rpoA	-4274.569	-4272.657	-4267.679	-4267.243
rpoB	-17458.687	-17457.295	-17453.751	-17453.602
rpoC	-16333.637	-16330.160	-17241.661	-16319.278
rpoE_1	-2406.789	-2406.787	-2406.211	-2406.122
rpoH	-5627.961	-5624.664	-5627.929	-5627.960
rpoN_1	-10611.247	-10611.246	-10608.831	-10607.855
rpoS	-7587.192	-7587.007	-7586.725	-7586.264
rpoZ	-927.532	-925.294	-926.484	-926.385
rppH	-4492.204	-4491.518	-4492.123	-4492.086
rpsA	-5858.384	-5858.287	-5857.426	-5856.987
rpsB	-3165.222	-3165.150	-3164.523	-3164.804
rpsC	-3087.430	-3087.427	-3087.428	-3087.430
rpsD	-3143.247	-3143.150	-3143.057	-3143.059
rpsE	-2028.818	-2027.027	-2026.366	-2026.433
rpsF	-1209.418	-1209.376	-1209.346	-1209.412
rpsG	-1418.711	-1418.064	-1416.941	-1416.881
rpsH	-1582.729	-1582.721	-1582.068	-1582.062
rpsI	-1559.346	-1556.812	-1557.733	-1557.965
rpsJ	-1333.004	-1329.715	-1326.977	-1326.499
rpsL	-1278.020	-1277.813	-1277.812	-1277.692
rpsM	-1191.835	-1188.055	-1191.826	-1191.650
rpsN	-1403.980	-1403.810	-1402.469	-1402.678
rpsO	-1131.076	-1130.144	-1129.072	-1129.377
rpsP	-967.696	-966.996	-967.295	-967.293
rpsQ	-1108.104	-1107.565	-1107.733	-1107.733
rpsR	-931.486	-931.483	-929.787	-929.800
rpsS	-1052.130	-1052.120	-1052.128	-1051.340
rpsT	-1263.404	-1262.945	-1261.846	-1261.360
rpsU_1	-728.857	-725.040	-727.516	-727.516
rsfS	-2929.632	-2929.441	-2929.620	-2929.632
rsmD	-4904.639	-4904.632	-4904.635	-4904.639
rssB	-5445.768	-5444.209	-5443.144	-5442.470
rsxB	-8929.377	-8929.342	-8929.258	-8929.330
rubA_2	-768.143	-768.133	-767.917	-767.864
rumA	-11616.694	-11615.215	-11616.672	-11616.379
rutC_1	-2408.229	-2408.042	-2408.118	-2408.180
ruvA	-4072.225	-4071.824	-4069.926	-4069.815
ruvB	-6277.425	-6277.040	-6277.004	-6277.282
ruvC	-3966.059	-3962.760	-3965.488	-3965.367
sbp_2	-7475.829	-7475.671	-7473.922	-7474.773
scoA	-4156.775	-4155.993	-4156.020	-4156.099
scoB	-3782.301	-3782.300	-3781.068	-3781.386
scpA	-5781.072	-5780.992	-5781.054	-5780.990
scpB	-6082.752	-6082.238	-6081.960	-6081.429
sctC_1	-18167.308	-18167.269	-18165.911	-18164.728
sdaA	-9762.512	-9762.048	-9761.783	-9761.449
sdhA_2	-8744.824	-8744.002	-8744.043	-8744.345
sdhB	-4083.395	-4083.353	-4065.758	-4068.372
secA	-5993.456	-5956.188	-5974.762	-5979.416
secB	-2636.496	-2636.280	-2636.224	-2636.363
secD	-13123.008	-13120.144	-13119.499	-13120.980
secE	-2219.162	-2218.966	-2219.054	-2219.073
secF	-5719.133	-5719.126	-5716.766	-5717.202
secG	-3263.205	-3263.163	-3263.187	-3263.203
secY	-7438.171	-6868.895	-6868.359	-6868.251
selO	-14508.071	-14507.794	-14502.883	-14500.707
serB1	-4925.432	-4923.919	-4925.112	-4925.243
serC	-7277.711	-7276.996	-7277.089	-7277.179
serS	-8540.340	-8540.329	-8540.288	-8540.253
shc	-15740.717	-15736.897	-15740.573	-15740.705
slmA	-6238.610	-6237.786	-6238.002	-6237.926
smpB	-2836.304	-2836.007	-2833.352	-2833.262
sodB	-3180.598	-3180.513	-3180.169	-3180.075
soxA_1	-25944.383	-25932.186	-25943.404	-25941.128
soxB_3	-7574.091	-7572.099	-7572.807	-7571.694
soxD	-2254.805	-2253.867	-2254.759	-2254.794
speE_1	-7666.045	-7665.701	-7666.038	-7665.925
spoT	-13641.324	-13640.979	-13638.754	-13637.958
ssb	-3212.102	-3210.722	-3212.035	-3212.081
sspA	-7418.629	-7418.599	-7418.614	-7418.624
sucA	-14111.935	-14103.934	-14100.293	-14097.066
sucB	-6955.129	-6953.708	-6953.718	-6954.055
sucC	-4758.366	-4757.972	-4754.288	-4754.026
sucD	-4040.000	-4036.857	-4038.257	-4038.463
sugE	-2565.331	-2565.304	-2565.160	-2565.237
suhB	-5176.498	-5175.237	-5172.611	-5173.780
sun	-12802.293	-12801.887	-12802.254	-12801.950
surE	-5134.813	-5134.379	-5133.638	-5133.479
tadA_2	-5049.262	-5049.228	-5047.026	-5046.139
tag	-5276.265	-5276.257	-5274.668	-5274.569
talB	-6888.432	-6887.040	-6886.609	-6887.203
tam_1	-7536.398	-7533.981	-7525.320	-7524.105
tamA	-15652.892	-15652.829	-15650.937	-15651.597
tatA	-1695.980	-1695.866	-1692.931	-1693.146
tatB	-3995.821	-3995.717	-3995.804	-3995.674
tatC	-5572.001	-5570.081	-5570.718	-5571.254
tdh	-6340.833	-6339.736	-6336.523	-6335.061
tex	-15396.298	-15394.828	-15395.787	-15395.902
tgt	-7651.683	-7651.600	-7651.366	-7650.736
thiC	-10167.027	-10254.809	-10165.755	-10165.726
thiE	-9588.569	-9587.064	-9587.396	-9587.270
thiG	-5250.525	-5250.460	-5250.279	-5250.147
thiS	-1361.548	-1361.166	-1360.048	-1360.258
thrB	-7458.915	-7458.896	-7456.829	-7456.138
thrC	-9480.753	-9476.578	-9480.741	-9480.569
thrS	-9952.479	-9951.531	-9951.121	-9950.660
thyA	-7267.144	-7265.892	-7267.015	-7266.982
tig	-7628.167	-7626.222	-7627.333	-7627.592
tktA_1	-12823.279	-12817.482	-12818.693	-12819.402
tldD	-7037.830	-7037.830	-7035.151	-7034.676
tmk	-5072.020	-5071.270	-5072.002	-5071.660
tolA	-9566.950	-9566.899	-9566.748	-9566.780
tolB	-8206.604	-8205.514	-8205.952	-8205.739
tolQ	-3093.962	-3093.542	-3092.831	-3092.624
tolR	-2786.273	-2785.796	-2786.133	-2786.193
tpd	-3826.653	-3825.221	-3824.396	-3824.621
tpiA	-7355.059	-7353.501	-7353.693	-7354.162
tpm	-7715.689	-7714.312	-7714.892	-7715.267
tpx	-3045.624	-3044.915	-3045.454	-3045.285
trmB	-6539.878	-6539.645	-6539.761	-6539.283
trmD	-5222.215	-5221.777	-5221.101	-5221.011
trmE	-11798.086	-11796.354	-11794.852	-11793.989
trmL	-6594.122	-6593.920	-6593.614	-6593.387
trpA	-6646.902	-6646.859	-6644.937	-6644.579
trpB	-8235.706	-8234.250	-8232.361	-8231.866
trpC	-6005.212	-6004.425	-6004.494	-6005.190
trpD	-6407.981	-6407.750	-6405.593	-6405.180
trpE	-8741.036	-8740.664	-8740.874	-8740.718
trpF	-3498.160	-3497.469	-3496.326	-3496.588
trpG	-3703.105	-3701.260	-3703.107	-3703.056
truA	-7199.987	-7199.479	-7199.684	-7199.718
truB	-9076.361	-9076.276	-9075.533	-9074.820
trxA	-1353.447	-1346.927	-1352.615	-1352.542
trxB_1	-6115.605	-6114.939	-6114.671	-6115.114
tsf	-4634.510	-4633.990	-4632.953	-4633.152
tusA	-1708.915	-1706.544	-1708.891	-1708.834
tyrB	-7964.338	-7963.275	-7961.376	-7962.113
tyrC	-8983.578	-8983.517	-8982.374	-8981.665
tyrZ	-7605.085	-7414.256	-7406.334	-7405.002
ubiA	-6194.004	-6192.485	-6192.130	-6192.149
ubiB_1	-10588.092	-10587.992	-10585.044	-10583.326
ubiC	-6914.620	-6912.375	-6911.330	-6910.775
ubiD	-10973.086	-10969.209	-10969.228	-10968.926
ubiE	-4286.834	-4286.559	-4286.834	-4286.826
ubiG	-5581.758	-5580.718	-5581.144	-5581.505
ubiH	-11367.037	-11366.863	-11362.023	-11359.066
ubiJ	-5754.869	-5754.357	-5752.257	-5751.197
udg	-14207.255	-14205.570	-14175.879	-14180.347
ung	-7201.324	-7199.419	-7193.219	-7191.419
upp	-3708.496	-3708.387	-3708.303	-3708.276
uppP_1	-7745.044	-7744.734	-7741.153	-7742.843
uppP_2	-6289.655	-6289.648	-6289.382	-6289.479
uppS	-5017.793	-5017.654	-5015.927	-5015.106
uvrA_1	-17179.937	-17179.687	-17179.847	-17179.322
uvrA_2	-47510.432	-47508.379	-47507.748	-47504.329
uvrB	-13440.952	-13440.428	-13440.917	-13440.934
uvrC	-16799.707	-16798.930	-16799.190	-16798.354
valS	-19034.166	-19033.332	-19032.158	-19030.575
vsr	-4029.416	-4028.352	-4028.977	-4028.663
waaA	-11413.785	-11413.359	-11406.665	-11404.613
waaC1	-7254.901	-7254.754	-7251.304	-7249.407
waaE	-7140.189	-7137.377	-7140.181	-7140.152
waaF	-6046.365	-6046.317	-6045.424	-6044.940
wbiI	-22543.469	-22542.478	-22542.466	-22539.054
wcbK	-4840.992	-4840.959	-4840.771	-4840.536
xdhA_1	-12721.870	-12721.795	-12713.413	-12709.005
xdhB_2	-17950.352	-17948.474	-17924.319	-17917.925
xerC_1	-7842.120	-7840.477	-7834.274	-7832.860
xerD_1	-7920.263	-7917.901	-7907.728	-7906.172
xseB	-2741.822	-2741.756	-2739.146	-2738.813
xthA	-6267.710	-6264.766	-6267.105	-6266.971
yaaA	-6589.102	-6589.016	-6588.932	-6588.877
yabJ_1	-2699.358	-2698.764	-2698.978	-2698.651
yaeQ	-4227.532	-4226.139	-4226.976	-4226.972
yajC	-1592.903	-1592.577	-1592.583	-1592.578
ybaB	-1579.359	-1575.898	-1565.738	-1565.054
ybaK_1	-4664.693	-4664.323	-4664.072	-4663.169
ybaK	-3737.544	-3737.442	-3737.524	-3737.415
ybcJ	-1580.027	-1579.545	-1579.392	-1579.135
ybgI	-6101.735	-6098.054	-6097.336	-6098.218
yccA	-4668.156	-4668.022	-4667.291	-4667.232
yceI_1	-5436.419	-5430.823	-5430.446	-5432.532
yceI_2	-4727.977	-4721.418	-4727.844	-4727.950
yciO	-4611.971	-4611.041	-4611.829	-4611.858
ydiK_2	-12609.022	-12606.958	-12598.626	-12601.630
yedA	-8094.516	-8094.448	-8091.467	-8092.259
yffB	-2689.556	-2687.305	-2689.324	-2689.447
ygaZ	-6565.317	-6564.766	-6563.797	-6564.359
yggS	-6561.133	-6561.056	-6560.637	-6560.808
ygiD	-7422.701	-7422.578	-7422.687	-7422.628
yhhW_1	-6397.814	-6397.120	-6397.651	-6397.760
yijE	-9269.327	-9269.307	-9269.259	-9269.230
yqeY	-3144.315	-3144.095	-3144.116	-3144.049
yqjD	-1745.327	-1744.500	-1744.543	-1744.391
yrdA	-3877.114	-3873.510	-3876.968	-3877.037
ytfF	-10197.875	-10196.941	-10197.847	-10197.664
ywlC	-9876.414	-9874.345	-9868.206	-9866.592
zapA	-2103.059	-2103.058	-2102.699	-2102.550
zapD	-4822.439	-4822.077	-4820.699	-4820.354
zapE	-7427.403	-7427.328	-7427.246	-7427.395
zipA	-9550.888	-9543.473	-9521.037	-9515.816
zntR	-3332.093	-3331.944	-3328.872	-3328.512
zwf_1	-11481.099	-11462.257	-11478.486	-11479.093
zwf_2	-11878.500	-11868.321	-11875.000	-11876.526
